562.518	1432
562.552	1413
562.587	1407
562.621	1424
562.655	1424
562.69	1438
562.724	1411
562.758	1423
562.793	1433
562.827	1418
562.862	1435
562.896	1429
562.93	1431
562.965	1419
562.999	1418
563.033	1426
563.068	1408
563.102	1412
563.136	1417
563.171	1424
563.205	1422
563.239	1412
563.274	1411
563.308	1414
563.342	1423
563.377	1417
563.411	1408
563.445	1430
563.48	1418
563.514	1411
563.548	1425
563.583	1425
563.617	1415
563.651	1416
563.686	1419
563.72	1411
563.754	1415
563.789	1426
563.823	1412
563.857	1422
563.892	1421
563.926	1414
563.96	1416
563.995	1426
564.029	1411
564.063	1406
564.098	1404
564.132	1402
564.166	1413
564.201	1406
564.235	1421
564.269	1408
564.304	1393
564.338	1431
564.372	1412
564.406	1405
564.441	1412
564.475	1422
564.509	1404
564.544	1410
564.578	1402
564.612	1404
564.647	1402
564.681	1405
564.715	1417
564.75	1399
564.784	1414
564.818	1403
564.852	1411
564.887	1404
564.921	1421
564.955	1394
564.99	1403
565.024	1399
565.058	1420
565.093	1416
565.127	1421
565.161	1418
565.195	1403
565.23	1417
565.264	1413
565.298	1416
565.333	1419
565.367	1417
565.401	1416
565.435	1434
565.47	1426
565.504	1439
565.538	1439
565.573	1450
565.607	1428
565.641	1440
565.675	1441
565.71	1450
565.744	1435
565.778	1457
565.813	1467
565.847	1465
565.881	1465
565.915	1471
565.95	1472
565.984	1481
566.018	1465
566.053	1493
566.087	1485
566.121	1501
566.155	1492
566.19	1507
566.224	1514
566.258	1520
566.292	1533
566.327	1529
566.361	1533
566.395	1527
566.43	1553
566.464	1564
566.498	1555
566.532	1548
566.567	1550
566.601	1556
566.635	1559
566.669	1547
566.704	1541
566.738	1547
566.772	1571
566.806	1545
566.841	1550
566.875	1544
566.909	1546
566.943	1550
566.978	1562
567.012	1581
567.046	1565
567.08	1563
567.115	1569
567.149	1570
567.183	1564
567.217	1586
567.252	1606
567.286	1616
567.32	1636
567.354	1639
567.389	1625
567.423	1672
567.457	1677
567.491	1709
567.526	1719
567.56	1749
567.594	1755
567.628	1772
567.663	1770
567.697	1822
567.731	1806
567.765	1833
567.799	1824
567.834	1824
567.868	1838
567.902	1859
567.936	1844
567.971	1827
568.005	1823
568.039	1816
568.073	1853
568.107	1887
568.142	1856
568.176	1856
568.21	1844
568.244	1863
568.279	1853
568.313	1861
568.347	1820
568.381	1842
568.415	1816
568.45	1840
568.484	1841
568.518	1841
568.552	1836
568.587	1838
568.621	1846
568.655	1836
568.689	1837
568.723	1834
568.758	1846
568.792	1871
568.826	1872
568.86	1891
568.894	1867
568.929	1879
568.963	1926
568.997	1943
569.031	1951
569.065	1963
569.1	2010
569.134	2051
569.168	2077
569.202	2115
569.236	2167
569.271	2162
569.305	2230
569.339	2239
569.373	2291
569.407	2308
569.442	2300
569.476	2282
569.51	2319
569.544	2276
569.578	2237
569.613	2236
569.647	2191
569.681	2200
569.715	2191
569.749	2167
569.783	2132
569.818	2151
569.852	2130
569.886	2087
569.92	2088
569.954	2078
569.988	2075
570.023	2067
570.057	2048
570.091	2010
570.125	2038
570.159	1996
570.194	2008
570.228	2006
570.262	1988
570.296	1984
570.33	1973
570.364	1966
570.399	1974
570.433	1998
570.467	2023
570.501	2028
570.535	2050
570.569	2058
570.604	2068
570.638	2109
570.672	2136
570.706	2147
570.74	2153
570.774	2194
570.808	2188
570.843	2231
570.877	2247
570.911	2257
570.945	2237
570.979	2211
571.013	2202
571.048	2204
571.082	2167
571.116	2162
571.15	2137
571.184	2096
571.218	2077
571.252	2036
571.287	1995
571.321	1947
571.355	1930
571.389	1898
571.423	1872
571.457	1853
571.491	1812
571.526	1797
571.56	1762
571.594	1723
571.628	1713
571.662	1707
571.696	1682
571.73	1670
571.765	1658
571.799	1645
571.833	1632
571.867	1618
571.901	1618
571.935	1599
571.969	1592
572.003	1571
572.038	1570
572.072	1571
572.106	1559
572.14	1546
572.174	1547
572.208	1546
572.242	1539
572.276	1550
572.311	1530
572.345	1528
572.379	1515
572.413	1531
572.447	1514
572.481	1510
572.515	1507
572.549	1504
572.583	1496
572.618	1512
572.652	1486
572.686	1479
572.72	1492
572.754	1483
572.788	1478
572.822	1482
572.856	1483
572.89	1485
572.925	1484
572.959	1475
572.993	1474
573.027	1472
573.061	1477
573.095	1461
573.129	1472
573.163	1468
573.197	1469
573.231	1467
573.265	1470
573.3	1460
573.334	1461
573.368	1479
573.402	1468
573.436	1462
573.47	1442
573.504	1458
573.538	1475
573.572	1472
573.606	1450
573.64	1451
573.675	1460
573.709	1448
573.743	1454
573.777	1455
573.811	1452
573.845	1469
573.879	1462
573.913	1459
573.947	1454
573.981	1450
574.015	1459
574.049	1446
574.083	1454
574.118	1439
574.152	1448
574.186	1453
574.22	1433
574.254	1435
574.288	1455
574.322	1445
574.356	1438
574.39	1450
574.424	1448
574.458	1440
574.492	1454
574.526	1431
574.56	1435
574.594	1447
574.629	1443
574.663	1446
574.697	1454
574.731	1442
574.765	1435
574.799	1445
574.833	1451
574.867	1441
574.901	1435
574.935	1450
574.969	1432
575.003	1440
575.037	1451
575.071	1457
575.105	1436
575.139	1437
575.173	1443
575.207	1436
575.241	1442
575.275	1440
575.31	1440
575.344	1431
575.378	1438
575.412	1438
575.446	1434
575.48	1444
575.514	1456
575.548	1446
575.582	1421
575.616	1452
575.65	1446
575.684	1462
575.718	1441
575.752	1448
575.786	1453
575.82	1455
575.854	1460
575.888	1455
575.922	1461
575.956	1458
575.99	1456
576.024	1454
576.058	1441
576.092	1460
576.126	1461
576.16	1446
576.194	1449
576.228	1460
576.262	1460
576.296	1457
576.33	1481
576.364	1461
576.398	1454
576.432	1470
576.466	1466
576.5	1461
576.534	1454
576.568	1473
576.602	1454
576.636	1465
576.67	1472
576.704	1465
576.738	1474
576.772	1472
576.806	1475
576.84	1472
576.874	1468
576.908	1466
576.942	1482
576.976	1481
577.01	1472
577.044	1479
577.078	1486
577.112	1473
577.146	1486
577.18	1482
577.214	1477
577.248	1495
577.282	1489
577.316	1486
577.35	1500
577.384	1489
577.418	1493
577.452	1479
577.486	1480
577.52	1498
577.554	1501
577.588	1490
577.622	1488
577.656	1498
577.69	1502
577.724	1494
577.758	1500
577.792	1501
577.826	1515
577.86	1508
577.894	1497
577.928	1498
577.962	1504
577.996	1511
578.03	1507
578.064	1521
578.098	1511
578.132	1509
578.166	1517
578.2	1503
578.234	1520
578.268	1514
578.302	1522
578.336	1520
578.37	1510
578.404	1511
578.437	1532
578.471	1524
578.505	1530
578.539	1517
578.573	1532
578.607	1510
578.641	1537
578.675	1522
578.709	1531
578.743	1525
578.777	1535
578.811	1542
578.845	1551
578.879	1536
578.913	1543
578.947	1532
578.981	1543
579.015	1526
579.049	1550
579.083	1545
579.116	1557
579.15	1540
579.184	1543
579.218	1543
579.252	1542
579.286	1546
579.32	1569
579.354	1544
579.388	1558
579.422	1542
579.456	1555
579.49	1549
579.524	1540
579.558	1551
579.592	1549
579.625	1544
579.659	1560
579.693	1550
579.727	1560
579.761	1560
579.795	1558
579.829	1556
579.863	1565
579.897	1550
579.931	1561
579.965	1556
579.999	1577
580.033	1556
580.066	1567
580.1	1561
580.134	1564
580.168	1561
580.202	1549
580.236	1549
580.27	1561
580.304	1565
580.338	1573
580.372	1566
580.406	1579
580.439	1554
580.473	1560
580.507	1555
580.541	1571
580.575	1564
580.609	1569
580.643	1575
580.677	1565
580.711	1576
580.745	1572
580.778	1565
580.812	1574
580.846	1581
580.88	1569
580.914	1555
580.948	1570
580.982	1566
581.016	1557
581.05	1581
581.083	1565
581.117	1568
581.151	1575
581.185	1568
581.219	1552
581.253	1561
581.287	1583
581.321	1583
581.355	1575
581.388	1570
581.422	1580
581.456	1574
581.49	1579
581.524	1592
581.558	1568
581.592	1592
581.626	1577
581.659	1585
581.693	1569
581.727	1580
581.761	1592
581.795	1581
581.829	1586
581.863	1596
581.896	1570
581.93	1583
581.964	1582
581.998	1582
582.032	1578
582.066	1595
582.1	1576
582.133	1594
582.167	1580
582.201	1586
582.235	1589
582.269	1582
582.303	1597
582.337	1595
582.37	1596
582.404	1588
582.438	1596
582.472	1575
582.506	1597
582.54	1599
582.574	1597
582.607	1608
582.641	1595
582.675	1587
582.709	1603
582.743	1605
582.777	1605
582.81	1613
582.844	1597
582.878	1610
582.912	1600
582.946	1609
582.98	1621
583.013	1598
583.047	1634
583.081	1617
583.115	1607
583.149	1616
583.183	1597
583.216	1629
583.25	1618
583.284	1605
583.318	1629
583.352	1601
583.386	1617
583.419	1614
583.453	1625
583.487	1623
583.521	1623
583.555	1618
583.589	1634
583.622	1611
583.656	1630
583.69	1626
583.724	1625
583.758	1634
583.791	1646
583.825	1631
583.859	1619
583.893	1638
583.927	1636
583.96	1647
583.994	1657
584.028	1635
584.062	1620
584.096	1648
584.129	1641
584.163	1646
584.197	1645
584.231	1654
584.265	1665
584.298	1645
584.332	1654
584.366	1652
584.4	1649
584.434	1654
584.467	1666
584.501	1669
584.535	1660
584.569	1667
584.603	1661
584.636	1674
584.67	1673
584.704	1673
584.738	1669
584.772	1663
584.805	1670
584.839	1655
584.873	1668
584.907	1681
584.94	1667
584.974	1686
585.008	1681
585.042	1661
585.076	1672
585.109	1670
585.143	1677
585.177	1685
585.211	1665
585.244	1676
585.278	1675
585.312	1699
585.346	1704
585.38	1686
585.413	1682
585.447	1701
585.481	1700
585.515	1699
585.548	1698
585.582	1688
585.616	1684
585.65	1687
585.683	1675
585.717	1724
585.751	1692
585.785	1679
585.818	1700
585.852	1694
585.886	1702
585.92	1681
585.953	1694
585.987	1693
586.021	1703
586.055	1709
586.088	1685
586.122	1705
586.156	1696
586.19	1690
586.223	1703
586.257	1702
586.291	1689
586.325	1686
586.358	1683
586.392	1691
586.426	1689
586.46	1696
586.493	1719
586.527	1699
586.561	1676
586.595	1694
586.628	1699
586.662	1687
586.696	1701
586.73	1692
586.763	1688
586.797	1683
586.831	1667
586.864	1693
586.898	1697
586.932	1689
586.966	1690
586.999	1671
587.033	1687
587.067	1690
587.1	1682
587.134	1690
587.168	1673
587.202	1682
587.235	1679
587.269	1677
587.303	1664
587.336	1677
587.37	1661
587.404	1669
587.438	1666
587.471	1669
587.505	1656
587.539	1650
587.572	1656
587.606	1653
587.64	1663
587.674	1642
587.707	1644
587.741	1660
587.775	1661
587.808	1656
587.842	1642
587.876	1661
587.909	1636
587.943	1652
587.977	1631
588.011	1629
588.044	1627
588.078	1635
588.112	1626
588.145	1627
588.179	1632
588.213	1617
588.246	1640
588.28	1621
588.314	1612
588.347	1628
588.381	1615
588.415	1618
588.448	1601
588.482	1618
588.516	1618
588.55	1597
588.583	1591
588.617	1599
588.651	1595
588.684	1590
588.718	1606
588.752	1595
588.785	1600
588.819	1589
588.853	1582
588.886	1596
588.92	1586
588.954	1576
588.987	1584
589.021	1579
589.055	1573
589.088	1573
589.122	1562
589.156	1550
589.189	1561
589.223	1559
589.257	1563
589.29	1564
589.324	1557
589.358	1552
589.391	1545
589.425	1531
589.458	1545
589.492	1534
589.526	1538
589.559	1536
589.593	1541
589.627	1514
589.66	1538
589.694	1538
589.728	1534
589.761	1520
589.795	1538
589.829	1519
589.862	1522
589.896	1519
589.929	1503
589.963	1512
589.997	1517
590.03	1518
590.064	1491
590.098	1513
590.131	1511
590.165	1496
590.199	1502
590.232	1495
590.266	1506
590.299	1496
590.333	1491
590.367	1480
590.4	1496
590.434	1482
590.468	1481
590.501	1476
590.535	1476
590.568	1474
590.602	1465
590.636	1469
590.669	1478
590.703	1486
590.737	1469
590.77	1451
590.804	1454
590.837	1447
590.871	1444
590.905	1439
590.938	1429
590.972	1438
591.005	1428
591.039	1453
591.073	1434
591.106	1454
591.14	1436
591.173	1428
591.207	1433
591.241	1426
591.274	1443
591.308	1433
591.341	1435
591.375	1434
591.409	1429
591.442	1427
591.476	1425
591.509	1407
591.543	1407
591.577	1421
591.61	1408
591.644	1410
591.677	1422
591.711	1410
591.745	1398
591.778	1404
591.812	1416
591.845	1389
591.879	1403
591.912	1392
591.946	1395
591.98	1390
592.013	1387
592.047	1381
592.08	1391
592.114	1393
592.147	1377
592.181	1392
592.215	1383
592.248	1391
592.282	1387
592.315	1373
592.349	1362
592.382	1376
592.416	1374
592.45	1369
592.483	1364
592.517	1372
592.55	1373
592.584	1358
592.617	1358
592.651	1362
592.685	1356
592.718	1355
592.752	1358
592.785	1349
592.819	1347
592.852	1360
592.886	1350
592.919	1348
592.953	1359
592.986	1349
593.02	1346
593.054	1340
593.087	1358
593.121	1355
593.154	1346
593.188	1343
593.221	1358
593.255	1347
593.288	1336
593.322	1344
593.355	1329
593.389	1340
593.423	1328
593.456	1339
593.49	1332
593.523	1336
593.557	1338
593.59	1334
593.624	1320
593.657	1317
593.691	1323
593.724	1320
593.758	1321
593.791	1317
593.825	1319
593.858	1317
593.892	1322
593.925	1307
593.959	1322
593.992	1303
594.026	1314
594.06	1321
594.093	1301
594.127	1305
594.16	1295
594.194	1311
594.227	1300
594.261	1306
594.294	1297
594.328	1313
594.361	1298
594.395	1306
594.428	1283
594.462	1284
594.495	1298
594.529	1301
594.562	1281
594.596	1291
594.629	1280
594.663	1277
594.696	1282
594.73	1285
594.763	1273
594.797	1275
594.83	1276
594.864	1266
594.897	1281
594.931	1274
594.964	1268
594.998	1276
595.031	1266
595.065	1266
595.098	1266
595.132	1271
595.165	1270
595.199	1267
595.232	1261
595.265	1265
595.299	1262
595.332	1261
595.366	1259
595.399	1256
595.433	1247
595.466	1245
595.5	1264
595.533	1252
595.567	1262
595.6	1254
595.634	1255
595.667	1251
595.701	1253
595.734	1245
595.768	1250
595.801	1255
595.835	1255
595.868	1244
595.901	1242
595.935	1255
595.968	1242
596.002	1245
596.035	1236
596.069	1244
596.102	1236
596.136	1235
596.169	1247
596.203	1238
596.236	1246
596.269	1245
596.303	1246
596.336	1236
596.37	1256
596.403	1248
596.437	1238
596.47	1232
596.504	1235
596.537	1240
596.57	1244
596.604	1243
596.637	1230
596.671	1236
596.704	1236
596.738	1244
596.771	1235
596.805	1240
596.838	1235
596.871	1223
596.905	1234
596.938	1240
596.972	1230
597.005	1241
597.039	1249
597.072	1233
597.105	1235
597.139	1230
597.172	1226
597.206	1242
