562.518	1649
562.552	1635
562.587	1636
562.621	1633
562.655	1630
562.69	1664
562.724	1639
562.758	1635
562.793	1634
562.827	1634
562.862	1641
562.896	1649
562.93	1625
562.965	1622
562.999	1643
563.033	1639
563.068	1652
563.102	1639
563.136	1646
563.171	1651
563.205	1625
563.239	1653
563.274	1626
563.308	1619
563.342	1630
563.377	1637
563.411	1628
563.445	1629
563.48	1632
563.514	1631
563.548	1633
563.583	1629
563.617	1630
563.651	1621
563.686	1636
563.72	1611
563.754	1630
563.789	1638
563.823	1636
563.857	1633
563.892	1630
563.926	1627
563.96	1635
563.995	1630
564.029	1617
564.063	1623
564.098	1622
564.132	1624
564.166	1633
564.201	1621
564.235	1624
564.269	1630
564.304	1620
564.338	1631
564.372	1635
564.406	1626
564.441	1626
564.475	1597
564.509	1614
564.544	1610
564.578	1625
564.612	1634
564.647	1630
564.681	1614
564.715	1615
564.75	1623
564.784	1618
564.818	1623
564.852	1627
564.887	1611
564.921	1623
564.955	1608
564.99	1620
565.024	1626
565.058	1622
565.093	1634
565.127	1629
565.161	1630
565.195	1630
565.23	1636
565.264	1642
565.298	1624
565.333	1647
565.367	1641
565.401	1616
565.435	1635
565.47	1638
565.504	1636
565.538	1636
565.573	1634
565.607	1634
565.641	1645
565.675	1643
565.71	1634
565.744	1653
565.778	1656
565.813	1655
565.847	1651
565.881	1678
565.915	1652
565.95	1661
565.984	1663
566.018	1657
566.053	1673
566.087	1678
566.121	1692
566.155	1678
566.19	1688
566.224	1698
566.258	1692
566.292	1688
566.327	1694
566.361	1698
566.395	1703
566.43	1719
566.464	1699
566.498	1727
566.532	1725
566.567	1730
566.601	1726
566.635	1725
566.669	1733
566.704	1734
566.738	1713
566.772	1732
566.806	1721
566.841	1723
566.875	1727
566.909	1737
566.943	1770
566.978	1736
567.012	1735
567.046	1750
567.08	1725
567.115	1748
567.149	1763
567.183	1750
567.217	1774
567.252	1766
567.286	1805
567.32	1817
567.354	1808
567.389	1833
567.423	1862
567.457	1858
567.491	1875
567.526	1875
567.56	1908
567.594	1912
567.628	1926
567.663	1943
567.697	1961
567.731	1958
567.765	1951
567.799	1988
567.834	1984
567.868	1984
567.902	1983
567.936	1990
567.971	1982
568.005	1997
568.039	2006
568.073	1991
568.107	1975
568.142	2008
568.176	1992
568.21	1989
568.244	1994
568.279	1986
568.313	1997
568.347	1996
568.381	1979
568.415	1999
568.45	1978
568.484	1991
568.518	1974
568.552	1978
568.587	1964
568.621	1982
568.655	2001
568.689	1977
568.723	1983
568.758	1971
568.792	2003
568.826	1974
568.86	2004
568.894	2017
568.929	2038
568.963	2031
568.997	2052
569.031	2077
569.065	2122
569.1	2136
569.134	2176
569.168	2201
569.202	2259
569.236	2272
569.271	2303
569.305	2309
569.339	2332
569.373	2328
569.407	2352
569.442	2399
569.476	2365
569.51	2355
569.544	2363
569.578	2354
569.613	2315
569.647	2314
569.681	2305
569.715	2271
569.749	2250
569.783	2252
569.818	2208
569.852	2199
569.886	2189
569.92	2169
569.954	2178
569.988	2155
570.023	2124
570.057	2124
570.091	2108
570.125	2129
570.159	2104
570.194	2104
570.228	2080
570.262	2098
570.296	2083
570.33	2089
570.364	2082
570.399	2093
570.433	2092
570.467	2121
570.501	2086
570.535	2131
570.569	2190
570.604	2170
570.638	2180
570.672	2218
570.706	2226
570.74	2286
570.774	2270
570.808	2286
570.843	2311
570.877	2282
570.911	2334
570.945	2332
570.979	2283
571.013	2309
571.048	2291
571.082	2250
571.116	2229
571.15	2217
571.184	2200
571.218	2144
571.252	2117
571.287	2104
571.321	2082
571.355	2041
571.389	2000
571.423	1987
571.457	1955
571.491	1940
571.526	1919
571.56	1891
571.594	1876
571.628	1847
571.662	1848
571.696	1816
571.73	1810
571.765	1800
571.799	1803
571.833	1768
571.867	1770
571.901	1759
571.935	1730
571.969	1764
572.003	1730
572.038	1744
572.072	1728
572.106	1715
572.14	1713
572.174	1711
572.208	1717
572.242	1706
572.276	1687
572.311	1680
572.345	1672
572.379	1666
572.413	1689
572.447	1670
572.481	1661
572.515	1688
572.549	1652
572.583	1659
572.618	1670
572.652	1679
572.686	1660
572.72	1662
572.754	1666
572.788	1647
572.822	1655
572.856	1655
572.89	1658
572.925	1671
572.959	1637
572.993	1636
573.027	1645
573.061	1629
573.095	1650
573.129	1636
573.163	1622
573.197	1617
573.231	1622
573.265	1639
573.3	1634
573.334	1624
573.368	1625
573.402	1634
573.436	1630
573.47	1632
573.504	1636
573.538	1630
573.572	1630
573.606	1626
573.64	1619
573.675	1614
573.709	1635
573.743	1614
573.777	1618
573.811	1625
573.845	1613
573.879	1601
573.913	1622
573.947	1610
573.981	1625
574.015	1610
574.049	1598
574.083	1622
574.118	1610
574.152	1631
574.186	1603
574.22	1606
574.254	1591
574.288	1602
574.322	1609
574.356	1621
574.39	1609
574.424	1610
574.458	1609
574.492	1617
574.526	1605
574.56	1598
574.594	1611
574.629	1590
574.663	1606
574.697	1602
574.731	1601
574.765	1607
574.799	1617
574.833	1607
574.867	1601
574.901	1615
574.935	1609
574.969	1586
575.003	1607
575.037	1593
575.071	1605
575.105	1595
575.139	1591
575.173	1603
575.207	1619
575.241	1607
575.275	1596
575.31	1607
575.344	1612
575.378	1608
575.412	1598
575.446	1607
575.48	1613
575.514	1589
575.548	1599
575.582	1606
575.616	1608
575.65	1617
575.684	1616
575.718	1599
575.752	1625
575.786	1625
575.82	1620
575.854	1599
575.888	1606
575.922	1624
575.956	1607
575.99	1599
576.024	1613
576.058	1616
576.092	1631
576.126	1622
576.16	1620
576.194	1609
576.228	1600
576.262	1620
576.296	1622
576.33	1617
576.364	1631
576.398	1615
576.432	1617
576.466	1619
576.5	1626
576.534	1614
576.568	1606
576.602	1606
576.636	1625
576.67	1619
576.704	1605
576.738	1619
576.772	1630
576.806	1626
576.84	1617
576.874	1627
576.908	1636
576.942	1616
576.976	1639
577.01	1613
577.044	1638
577.078	1622
577.112	1638
577.146	1632
577.18	1626
577.214	1637
577.248	1636
577.282	1634
577.316	1651
577.35	1638
577.384	1635
577.418	1638
577.452	1638
577.486	1629
577.52	1644
577.554	1645
577.588	1628
577.622	1647
577.656	1642
577.69	1649
577.724	1653
577.758	1649
577.792	1640
577.826	1649
577.86	1639
577.894	1655
577.928	1651
577.962	1648
577.996	1649
578.03	1649
578.064	1642
578.098	1646
578.132	1650
578.166	1663
578.2	1667
578.234	1634
578.268	1662
578.302	1669
578.336	1647
578.37	1671
578.404	1672
578.437	1658
578.471	1662
578.505	1668
578.539	1654
578.573	1669
578.607	1670
578.641	1694
578.675	1653
578.709	1663
578.743	1675
578.777	1669
578.811	1675
578.845	1677
578.879	1688
578.913	1662
578.947	1680
578.981	1682
579.015	1658
579.049	1687
579.083	1678
579.116	1693
579.15	1673
579.184	1661
579.218	1682
579.252	1686
579.286	1687
579.32	1686
579.354	1687
579.388	1682
579.422	1683
579.456	1686
579.49	1661
579.524	1668
579.558	1681
579.592	1675
579.625	1685
579.659	1688
579.693	1676
579.727	1697
579.761	1682
579.795	1686
579.829	1682
579.863	1683
579.897	1688
579.931	1697
579.965	1691
579.999	1686
580.033	1682
580.066	1683
580.1	1692
580.134	1678
580.168	1692
580.202	1698
580.236	1691
580.27	1691
580.304	1700
580.338	1704
580.372	1708
580.406	1679
580.439	1708
580.473	1694
580.507	1700
580.541	1710
580.575	1684
580.609	1695
580.643	1683
580.677	1690
580.711	1680
580.745	1689
580.778	1686
580.812	1671
580.846	1709
580.88	1702
580.914	1687
580.948	1692
580.982	1703
581.016	1690
581.05	1705
581.083	1687
581.117	1687
581.151	1691
581.185	1689
581.219	1696
581.253	1697
581.287	1710
581.321	1689
581.355	1686
581.388	1689
581.422	1704
581.456	1680
581.49	1706
581.524	1689
581.558	1687
581.592	1686
581.626	1696
581.659	1677
581.693	1703
581.727	1692
581.761	1692
581.795	1705
581.829	1689
581.863	1700
581.896	1714
581.93	1692
581.964	1696
581.998	1713
582.032	1707
582.066	1704
582.1	1706
582.133	1693
582.167	1687
582.201	1694
582.235	1709
582.269	1731
582.303	1704
582.337	1700
582.37	1693
582.404	1710
582.438	1712
582.472	1721
582.506	1697
582.54	1695
582.574	1708
582.607	1698
582.641	1702
582.675	1720
582.709	1703
582.743	1714
582.777	1711
582.81	1734
582.844	1704
582.878	1707
582.912	1706
582.946	1721
582.98	1715
583.013	1715
583.047	1714
583.081	1706
583.115	1719
583.149	1722
583.183	1731
583.216	1715
583.25	1727
583.284	1723
583.318	1719
583.352	1733
583.386	1723
583.419	1722
583.453	1716
583.487	1719
583.521	1726
583.555	1719
583.589	1735
583.622	1726
583.656	1731
583.69	1757
583.724	1740
583.758	1730
583.791	1707
583.825	1740
583.859	1744
583.893	1755
583.927	1757
583.96	1742
583.994	1740
584.028	1736
584.062	1751
584.096	1770
584.129	1734
584.163	1737
584.197	1752
584.231	1758
584.265	1745
584.298	1747
584.332	1763
584.366	1732
584.4	1740
584.434	1754
584.467	1751
584.501	1773
584.535	1759
584.569	1760
584.603	1760
584.636	1749
584.67	1764
584.704	1786
584.738	1731
584.772	1778
584.805	1752
584.839	1756
584.873	1773
584.907	1761
584.94	1764
584.974	1765
585.008	1759
585.042	1763
585.076	1773
585.109	1743
585.143	1767
585.177	1789
585.211	1760
585.244	1795
585.278	1769
585.312	1768
585.346	1750
585.38	1765
585.413	1782
585.447	1770
585.481	1780
585.515	1761
585.548	1783
585.582	1769
585.616	1770
585.65	1787
585.683	1772
585.717	1781
585.751	1772
585.785	1780
585.818	1783
585.852	1810
585.886	1778
585.92	1777
585.953	1763
585.987	1763
586.021	1777
586.055	1766
586.088	1785
586.122	1768
586.156	1793
586.19	1764
586.223	1774
586.257	1766
586.291	1770
586.325	1784
586.358	1765
586.392	1765
586.426	1766
586.46	1767
586.493	1780
586.527	1772
586.561	1775
586.595	1774
586.628	1765
586.662	1766
586.696	1757
586.73	1784
586.763	1773
586.797	1764
586.831	1760
586.864	1760
586.898	1780
586.932	1757
586.966	1764
586.999	1771
587.033	1756
587.067	1762
587.1	1741
587.134	1779
587.168	1777
587.202	1746
587.235	1761
587.269	1747
587.303	1766
587.336	1761
587.37	1743
587.404	1758
587.438	1753
587.471	1760
587.505	1750
587.539	1735
587.572	1745
587.606	1753
587.64	1734
587.674	1752
587.707	1750
587.741	1744
587.775	1743
587.808	1750
587.842	1740
587.876	1734
587.909	1735
587.943	1726
587.977	1738
588.011	1717
588.044	1709
588.078	1707
588.112	1718
588.145	1702
588.179	1725
588.213	1713
588.246	1698
588.28	1717
588.314	1694
588.347	1705
588.381	1704
588.415	1701
588.448	1718
588.482	1680
588.516	1690
588.55	1699
588.583	1691
588.617	1697
588.651	1688
588.684	1689
588.718	1695
588.752	1688
588.785	1681
588.819	1693
588.853	1680
588.886	1660
588.92	1683
588.954	1691
588.987	1676
589.021	1647
589.055	1660
589.088	1675
589.122	1671
589.156	1657
589.189	1666
589.223	1653
589.257	1644
589.29	1653
589.324	1661
589.358	1654
589.391	1630
589.425	1635
589.458	1641
589.492	1648
589.526	1634
589.559	1638
589.593	1623
589.627	1613
589.66	1624
589.694	1627
589.728	1624
589.761	1627
589.795	1623
589.829	1619
589.862	1634
589.896	1612
589.929	1624
589.963	1613
589.997	1595
590.03	1609
590.064	1614
590.098	1609
590.131	1607
590.165	1598
590.199	1581
590.232	1587
590.266	1589
590.299	1585
590.333	1593
590.367	1573
590.4	1580
590.434	1587
590.468	1563
590.501	1570
590.535	1571
590.568	1561
590.602	1573
590.636	1580
590.669	1573
590.703	1559
590.737	1567
590.77	1567
590.804	1577
590.837	1541
590.871	1568
590.905	1562
590.938	1558
590.972	1555
591.005	1562
591.039	1553
591.073	1542
591.106	1558
591.14	1539
591.173	1540
591.207	1554
591.241	1547
591.274	1535
591.308	1551
591.341	1533
591.375	1539
591.409	1534
591.442	1550
591.476	1538
591.509	1530
591.543	1527
591.577	1532
591.61	1531
591.644	1519
591.677	1508
591.711	1520
591.745	1527
591.778	1511
591.812	1505
591.845	1509
591.879	1512
591.912	1521
591.946	1505
591.98	1505
592.013	1519
592.047	1495
592.08	1499
592.114	1501
592.147	1493
592.181	1501
592.215	1501
592.248	1491
592.282	1494
592.315	1504
592.349	1496
592.382	1506
592.416	1505
592.45	1488
592.483	1487
592.517	1485
592.55	1505
592.584	1468
592.617	1494
592.651	1481
592.685	1493
592.718	1476
592.752	1488
592.785	1472
592.819	1470
592.852	1452
592.886	1463
592.919	1470
592.953	1472
592.986	1483
593.02	1472
593.054	1462
593.087	1459
593.121	1465
593.154	1462
593.188	1463
593.221	1454
593.255	1470
593.288	1450
593.322	1446
593.355	1452
593.389	1441
593.423	1450
593.456	1446
593.49	1461
593.523	1458
593.557	1440
593.59	1431
593.624	1434
593.657	1452
593.691	1443
593.724	1450
593.758	1442
593.791	1448
593.825	1447
593.858	1440
593.892	1439
593.925	1435
593.959	1438
593.992	1437
594.026	1422
594.06	1430
594.093	1441
594.127	1423
594.16	1425
594.194	1422
594.227	1415
594.261	1409
594.294	1427
594.328	1414
594.361	1424
594.395	1416
594.428	1411
594.462	1417
594.495	1431
594.529	1421
594.562	1401
594.596	1409
594.629	1401
594.663	1400
594.696	1402
594.73	1402
594.763	1401
594.797	1408
594.83	1407
594.864	1406
594.897	1409
594.931	1404
594.964	1412
594.998	1398
595.031	1393
595.065	1397
595.098	1403
595.132	1403
595.165	1382
595.199	1398
595.232	1404
595.265	1388
595.299	1385
595.332	1386
595.366	1373
595.399	1390
595.433	1379
595.466	1381
595.5	1383
595.533	1385
595.567	1389
595.6	1378
595.634	1380
595.667	1372
595.701	1384
595.734	1368
595.768	1384
595.801	1379
595.835	1384
595.868	1383
595.901	1366
595.935	1369
595.968	1382
596.002	1382
596.035	1375
596.069	1375
596.102	1382
596.136	1382
596.169	1370
596.203	1391
596.236	1379
596.269	1370
596.303	1372
596.336	1365
596.37	1366
596.403	1372
596.437	1367
596.47	1366
596.504	1368
596.537	1378
596.57	1375
596.604	1364
596.637	1369
596.671	1354
596.704	1364
596.738	1369
596.771	1368
596.805	1360
596.838	1367
596.871	1369
596.905	1363
596.938	1354
596.972	1378
597.005	1363
597.039	1368
597.072	1361
597.105	1366
597.139	1356
597.172	1369
597.206	1351
