562.518	1461
562.552	1439
562.587	1453
562.621	1452
562.655	1467
562.69	1445
562.724	1452
562.758	1465
562.793	1451
562.827	1452
562.862	1449
562.896	1442
562.93	1459
562.965	1461
562.999	1441
563.033	1442
563.068	1442
563.102	1451
563.136	1446
563.171	1445
563.205	1476
563.239	1450
563.274	1456
563.308	1448
563.342	1454
563.377	1436
563.411	1444
563.445	1452
563.48	1444
563.514	1440
563.548	1434
563.583	1438
563.617	1465
563.651	1453
563.686	1450
563.72	1444
563.754	1441
563.789	1442
563.823	1458
563.857	1435
563.892	1446
563.926	1444
563.96	1442
563.995	1443
564.029	1437
564.063	1433
564.098	1430
564.132	1435
564.166	1443
564.201	1448
564.235	1447
564.269	1430
564.304	1435
564.338	1431
564.372	1427
564.406	1440
564.441	1424
564.475	1432
564.509	1434
564.544	1430
564.578	1448
564.612	1437
564.647	1436
564.681	1443
564.715	1447
564.75	1437
564.784	1428
564.818	1454
564.852	1453
564.887	1451
564.921	1450
564.955	1433
564.99	1434
565.024	1443
565.058	1448
565.093	1447
565.127	1434
565.161	1460
565.195	1447
565.23	1455
565.264	1461
565.298	1458
565.333	1463
565.367	1461
565.401	1454
565.435	1463
565.47	1463
565.504	1461
565.538	1468
565.573	1482
565.607	1475
565.641	1484
565.675	1485
565.71	1488
565.744	1493
565.778	1504
565.813	1486
565.847	1502
565.881	1495
565.915	1505
565.95	1537
565.984	1535
566.018	1529
566.053	1530
566.087	1542
566.121	1561
566.155	1557
566.19	1577
566.224	1582
566.258	1597
566.292	1607
566.327	1611
566.361	1613
566.395	1619
566.43	1639
566.464	1635
566.498	1623
566.532	1648
566.567	1644
566.601	1641
566.635	1637
566.669	1615
566.704	1628
566.738	1617
566.772	1609
566.806	1630
566.841	1603
566.875	1613
566.909	1617
566.943	1600
566.978	1626
567.012	1608
567.046	1601
567.08	1642
567.115	1617
567.149	1643
567.183	1629
567.217	1656
567.252	1653
567.286	1660
567.32	1680
567.354	1696
567.389	1717
567.423	1729
567.457	1751
567.491	1751
567.526	1786
567.56	1772
567.594	1810
567.628	1842
567.663	1832
567.697	1851
567.731	1878
567.765	1863
567.799	1867
567.834	1872
567.868	1897
567.902	1887
567.936	1876
567.971	1884
568.005	1890
568.039	1892
568.073	1886
568.107	1897
568.142	1881
568.176	1891
568.21	1886
568.244	1870
568.279	1906
568.313	1888
568.347	1904
568.381	1886
568.415	1895
568.45	1918
568.484	1908
568.518	1901
568.552	1905
568.587	1892
568.621	1902
568.655	1943
568.689	1895
568.723	1906
568.758	1936
568.792	1906
568.826	1905
568.86	1941
568.894	1967
568.929	1957
568.963	1978
568.997	2003
569.031	2024
569.065	2061
569.1	2098
569.134	2097
569.168	2166
569.202	2222
569.236	2263
569.271	2253
569.305	2291
569.339	2326
569.373	2343
569.407	2374
569.442	2356
569.476	2363
569.51	2362
569.544	2351
569.578	2361
569.613	2332
569.647	2307
569.681	2309
569.715	2269
569.749	2217
569.783	2258
569.818	2220
569.852	2232
569.886	2212
569.92	2185
569.954	2184
569.988	2184
570.023	2167
570.057	2133
570.091	2121
570.125	2132
570.159	2125
570.194	2092
570.228	2096
570.262	2125
570.296	2103
570.33	2076
570.364	2098
570.399	2095
570.433	2097
570.467	2105
570.501	2111
570.535	2122
570.569	2157
570.604	2197
570.638	2211
570.672	2199
570.706	2244
570.74	2260
570.774	2305
570.808	2323
570.843	2305
570.877	2356
570.911	2329
570.945	2333
570.979	2326
571.013	2318
571.048	2281
571.082	2250
571.116	2230
571.15	2227
571.184	2189
571.218	2155
571.252	2132
571.287	2088
571.321	2060
571.355	2034
571.389	1996
571.423	1956
571.457	1922
571.491	1887
571.526	1865
571.56	1840
571.594	1813
571.628	1803
571.662	1777
571.696	1757
571.73	1758
571.765	1745
571.799	1707
571.833	1692
571.867	1692
571.901	1685
571.935	1669
571.969	1666
572.003	1639
572.038	1663
572.072	1628
572.106	1627
572.14	1625
572.174	1631
572.208	1598
572.242	1587
572.276	1601
572.311	1591
572.345	1589
572.379	1563
572.413	1562
572.447	1578
572.481	1569
572.515	1560
572.549	1551
572.583	1550
572.618	1536
572.652	1539
572.686	1544
572.72	1541
572.754	1532
572.788	1540
572.822	1530
572.856	1536
572.89	1528
572.925	1522
572.959	1513
572.993	1527
573.027	1523
573.061	1517
573.095	1517
573.129	1503
573.163	1514
573.197	1504
573.231	1511
573.265	1504
573.3	1498
573.334	1500
573.368	1507
573.402	1510
573.436	1486
573.47	1499
573.504	1510
573.538	1500
573.572	1507
573.606	1499
573.64	1486
573.675	1497
573.709	1493
573.743	1479
573.777	1486
573.811	1505
573.845	1490
573.879	1479
573.913	1493
573.947	1500
573.981	1500
574.015	1503
574.049	1489
574.083	1503
574.118	1479
574.152	1494
574.186	1481
574.22	1484
574.254	1492
574.288	1479
574.322	1471
574.356	1490
574.39	1467
574.424	1490
574.458	1479
574.492	1476
574.526	1466
574.56	1468
574.594	1473
574.629	1472
574.663	1471
574.697	1488
574.731	1474
574.765	1483
574.799	1476
574.833	1474
574.867	1467
574.901	1476
574.935	1487
574.969	1482
575.003	1481
575.037	1477
575.071	1485
575.105	1495
575.139	1474
575.173	1482
575.207	1466
575.241	1464
575.275	1477
575.31	1471
575.344	1473
575.378	1486
575.412	1484
575.446	1470
575.48	1472
575.514	1465
575.548	1474
575.582	1479
575.616	1489
575.65	1492
575.684	1476
575.718	1486
575.752	1494
575.786	1482
575.82	1482
575.854	1481
575.888	1487
575.922	1476
575.956	1494
575.99	1485
576.024	1475
576.058	1491
576.092	1482
576.126	1508
576.16	1496
576.194	1486
576.228	1505
576.262	1500
576.296	1491
576.33	1502
576.364	1496
576.398	1492
576.432	1511
576.466	1504
576.5	1505
576.534	1501
576.568	1501
576.602	1505
576.636	1503
576.67	1509
576.704	1507
576.738	1505
576.772	1514
576.806	1518
576.84	1507
576.874	1516
576.908	1528
576.942	1522
576.976	1516
577.01	1500
577.044	1509
577.078	1521
577.112	1522
577.146	1510
577.18	1530
577.214	1528
577.248	1529
577.282	1528
577.316	1515
577.35	1531
577.384	1539
577.418	1514
577.452	1530
577.486	1534
577.52	1529
577.554	1535
577.588	1540
577.622	1523
577.656	1544
577.69	1529
577.724	1540
577.758	1532
577.792	1528
577.826	1530
577.86	1549
577.894	1552
577.928	1551
577.962	1563
577.996	1541
578.03	1558
578.064	1551
578.098	1565
578.132	1544
578.166	1564
578.2	1543
578.234	1556
578.268	1562
578.302	1570
578.336	1576
578.37	1577
578.404	1554
578.437	1559
578.471	1559
578.505	1568
578.539	1565
578.573	1576
578.607	1561
578.641	1549
578.675	1585
578.709	1576
578.743	1567
578.777	1570
578.811	1574
578.845	1576
578.879	1580
578.913	1579
578.947	1588
578.981	1576
579.015	1586
579.049	1587
579.083	1573
579.116	1581
579.15	1597
579.184	1604
579.218	1595
579.252	1583
579.286	1587
579.32	1591
579.354	1596
579.388	1575
579.422	1585
579.456	1586
579.49	1599
579.524	1599
579.558	1593
579.592	1595
579.625	1597
579.659	1597
579.693	1593
579.727	1607
579.761	1596
579.795	1603
579.829	1611
579.863	1605
579.897	1591
579.931	1613
579.965	1627
579.999	1608
580.033	1620
580.066	1602
580.1	1608
580.134	1609
580.168	1616
580.202	1611
580.236	1623
580.27	1611
580.304	1611
580.338	1606
580.372	1610
580.406	1618
580.439	1610
580.473	1614
580.507	1615
580.541	1614
580.575	1599
580.609	1611
580.643	1615
580.677	1632
580.711	1619
580.745	1618
580.778	1625
580.812	1632
580.846	1624
580.88	1612
580.914	1621
580.948	1615
580.982	1618
581.016	1634
581.05	1630
581.083	1639
581.117	1613
581.151	1630
581.185	1612
581.219	1615
581.253	1627
581.287	1639
581.321	1635
581.355	1627
581.388	1629
581.422	1631
581.456	1633
581.49	1644
581.524	1624
581.558	1615
581.592	1624
581.626	1633
581.659	1632
581.693	1622
581.727	1628
581.761	1650
581.795	1624
581.829	1616
581.863	1630
581.896	1633
581.93	1642
581.964	1643
581.998	1647
582.032	1629
582.066	1641
582.1	1633
582.133	1629
582.167	1663
582.201	1650
582.235	1656
582.269	1640
582.303	1651
582.337	1634
582.37	1652
582.404	1651
582.438	1640
582.472	1642
582.506	1646
582.54	1662
582.574	1645
582.607	1651
582.641	1657
582.675	1662
582.709	1657
582.743	1664
582.777	1653
582.81	1648
582.844	1659
582.878	1673
582.912	1667
582.946	1648
582.98	1684
583.013	1667
583.047	1666
583.081	1673
583.115	1668
583.149	1661
583.183	1669
583.216	1654
583.25	1681
583.284	1680
583.318	1690
583.352	1664
583.386	1702
583.419	1683
583.453	1691
583.487	1672
583.521	1678
583.555	1677
583.589	1671
583.622	1676
583.656	1682
583.69	1699
583.724	1702
583.758	1712
583.791	1686
583.825	1716
583.859	1689
583.893	1719
583.927	1695
583.96	1687
583.994	1721
584.028	1685
584.062	1707
584.096	1703
584.129	1696
584.163	1709
584.197	1713
584.231	1701
584.265	1719
584.298	1698
584.332	1715
584.366	1708
584.4	1725
584.434	1722
584.467	1744
584.501	1711
584.535	1728
584.569	1701
584.603	1749
584.636	1719
584.67	1727
584.704	1743
584.738	1743
584.772	1731
584.805	1729
584.839	1733
584.873	1740
584.907	1725
584.94	1723
584.974	1749
585.008	1760
585.042	1739
585.076	1762
585.109	1734
585.143	1745
585.177	1741
585.211	1748
585.244	1744
585.278	1754
585.312	1749
585.346	1749
585.38	1748
585.413	1740
585.447	1755
585.481	1763
585.515	1750
585.548	1769
585.582	1760
585.616	1752
585.65	1741
585.683	1755
585.717	1758
585.751	1765
585.785	1764
585.818	1769
585.852	1775
585.886	1758
585.92	1752
585.953	1763
585.987	1768
586.021	1747
586.055	1761
586.088	1736
586.122	1761
586.156	1769
586.19	1776
586.223	1740
586.257	1757
586.291	1761
586.325	1761
586.358	1761
586.392	1752
586.426	1760
586.46	1755
586.493	1755
586.527	1742
586.561	1773
586.595	1763
586.628	1751
586.662	1765
586.696	1755
586.73	1741
586.763	1753
586.797	1745
586.831	1752
586.864	1743
586.898	1738
586.932	1736
586.966	1751
586.999	1735
587.033	1742
587.067	1737
587.1	1762
587.134	1761
587.168	1740
587.202	1737
587.235	1723
587.269	1756
587.303	1727
587.336	1745
587.37	1746
587.404	1739
587.438	1737
587.471	1718
587.505	1718
587.539	1750
587.572	1719
587.606	1710
587.64	1708
587.674	1709
587.707	1731
587.741	1720
587.775	1719
587.808	1703
587.842	1722
587.876	1692
587.909	1699
587.943	1716
587.977	1695
588.011	1706
588.044	1705
588.078	1694
588.112	1681
588.145	1692
588.179	1671
588.213	1684
588.246	1684
588.28	1679
588.314	1676
588.347	1681
588.381	1678
588.415	1679
588.448	1654
588.482	1660
588.516	1671
588.55	1668
588.583	1674
588.617	1661
588.651	1640
588.684	1661
588.718	1649
588.752	1659
588.785	1662
588.819	1641
588.853	1636
588.886	1629
588.92	1634
588.954	1646
588.987	1622
589.021	1647
589.055	1629
589.088	1628
589.122	1616
589.156	1605
589.189	1615
589.223	1616
589.257	1603
589.29	1599
589.324	1602
589.358	1614
589.391	1573
589.425	1617
589.458	1587
589.492	1592
589.526	1588
589.559	1575
589.593	1600
589.627	1581
589.66	1572
589.694	1598
589.728	1576
589.761	1565
589.795	1567
589.829	1558
589.862	1569
589.896	1558
589.929	1557
589.963	1564
589.997	1545
590.03	1557
590.064	1546
590.098	1549
590.131	1535
590.165	1548
590.199	1543
590.232	1544
590.266	1539
590.299	1527
590.333	1536
590.367	1530
590.4	1512
590.434	1513
590.468	1520
590.501	1515
590.535	1508
590.568	1510
590.602	1505
590.636	1496
590.669	1501
590.703	1496
590.737	1487
590.77	1493
590.804	1480
590.837	1490
590.871	1485
590.905	1496
590.938	1505
590.972	1496
591.005	1479
591.039	1478
591.073	1475
591.106	1479
591.14	1473
591.173	1469
591.207	1478
591.241	1471
591.274	1463
591.308	1458
591.341	1472
591.375	1453
591.409	1461
591.442	1456
591.476	1440
591.509	1448
591.543	1453
591.577	1437
591.61	1445
591.644	1435
591.677	1443
591.711	1436
591.745	1437
591.778	1444
591.812	1425
591.845	1438
591.879	1421
591.912	1427
591.946	1415
591.98	1420
592.013	1422
592.047	1416
592.08	1424
592.114	1400
592.147	1422
592.181	1404
592.215	1410
592.248	1395
592.282	1412
592.315	1401
592.349	1399
592.382	1395
592.416	1405
592.45	1395
592.483	1407
592.517	1408
592.55	1393
592.584	1391
592.617	1402
592.651	1382
592.685	1391
592.718	1397
592.752	1391
592.785	1380
592.819	1380
592.852	1384
592.886	1381
592.919	1375
592.953	1362
592.986	1360
593.02	1376
593.054	1357
593.087	1373
593.121	1377
593.154	1376
593.188	1359
593.221	1352
593.255	1360
593.288	1356
593.322	1356
593.355	1352
593.389	1353
593.423	1354
593.456	1351
593.49	1350
593.523	1342
593.557	1358
593.59	1344
593.624	1344
593.657	1342
593.691	1342
593.724	1354
593.758	1334
593.791	1337
593.825	1324
593.858	1336
593.892	1336
593.925	1330
593.959	1330
593.992	1337
594.026	1324
594.06	1312
594.093	1321
594.127	1322
594.16	1314
594.194	1324
594.227	1318
594.261	1314
594.294	1315
594.328	1316
594.361	1298
594.395	1315
594.428	1298
594.462	1299
594.495	1305
594.529	1300
594.562	1295
594.596	1299
594.629	1291
594.663	1297
594.696	1286
594.73	1290
594.763	1289
594.797	1285
594.83	1287
594.864	1290
594.897	1277
594.931	1290
594.964	1292
594.998	1275
595.031	1277
595.065	1272
595.098	1277
595.132	1274
595.165	1277
595.199	1275
595.232	1266
595.265	1274
595.299	1270
595.332	1265
595.366	1267
595.399	1272
595.433	1273
595.466	1280
595.5	1265
595.533	1266
595.567	1254
595.6	1264
595.634	1259
595.667	1258
595.701	1252
595.734	1253
595.768	1250
595.801	1258
595.835	1245
595.868	1256
595.901	1251
595.935	1254
595.968	1245
596.002	1259
596.035	1253
596.069	1253
596.102	1253
596.136	1252
596.169	1250
596.203	1257
596.236	1248
596.269	1250
596.303	1257
596.336	1243
596.37	1253
596.403	1254
596.437	1240
596.47	1246
596.504	1251
596.537	1242
596.57	1263
596.604	1248
596.637	1261
596.671	1239
596.704	1239
596.738	1237
596.771	1242
596.805	1241
596.838	1242
596.871	1239
596.905	1231
596.938	1245
596.972	1240
597.005	1243
597.039	1238
597.072	1242
597.105	1230
597.139	1232
597.172	1244
597.206	1242
