562.518	1941
562.552	1908
562.587	1916
562.621	1901
562.655	1912
562.69	1889
562.724	1920
562.758	1922
562.793	1921
562.827	1925
562.862	1919
562.896	1928
562.93	1933
562.965	1926
562.999	1922
563.033	1901
563.068	1921
563.102	1915
563.136	1896
563.171	1907
563.205	1903
563.239	1907
563.274	1906
563.308	1897
563.342	1911
563.377	1895
563.411	1896
563.445	1896
563.48	1888
563.514	1938
563.548	1901
563.583	1904
563.617	1911
563.651	1920
563.686	1907
563.72	1900
563.754	1875
563.789	1910
563.823	1911
563.857	1904
563.892	1888
563.926	1909
563.96	1867
563.995	1911
564.029	1903
564.063	1896
564.098	1888
564.132	1870
564.166	1909
564.201	1899
564.235	1897
564.269	1909
564.304	1883
564.338	1899
564.372	1912
564.406	1896
564.441	1893
564.475	1895
564.509	1872
564.544	1892
564.578	1893
564.612	1874
564.647	1890
564.681	1889
564.715	1913
564.75	1884
564.784	1874
564.818	1908
564.852	1888
564.887	1880
564.921	1905
564.955	1884
564.99	1902
565.024	1914
565.058	1893
565.093	1895
565.127	1883
565.161	1911
565.195	1886
565.23	1907
565.264	1913
565.298	1897
565.333	1899
565.367	1898
565.401	1908
565.435	1912
565.47	1898
565.504	1918
565.538	1919
565.573	1931
565.607	1901
565.641	1910
565.675	1917
565.71	1914
565.744	1927
565.778	1909
565.813	1931
565.847	1938
565.881	1951
565.915	1942
565.95	1934
565.984	1927
566.018	1933
566.053	1963
566.087	1961
566.121	1952
566.155	1970
566.19	1965
566.224	1953
566.258	1977
566.292	1994
566.327	1972
566.361	1993
566.395	1983
566.43	1979
566.464	2007
566.498	2002
566.532	2028
566.567	1993
566.601	2010
566.635	2015
566.669	2009
566.704	1991
566.738	2009
566.772	2007
566.806	2022
566.841	2021
566.875	2005
566.909	2007
566.943	2009
566.978	2026
567.012	2039
567.046	2054
567.08	2053
567.115	2074
567.149	2087
567.183	2100
567.217	2105
567.252	2084
567.286	2121
567.32	2140
567.354	2145
567.389	2164
567.423	2166
567.457	2190
567.491	2212
567.526	2245
567.56	2285
567.594	2308
567.628	2310
567.663	2345
567.697	2364
567.731	2345
567.765	2369
567.799	2374
567.834	2354
567.868	2366
567.902	2380
567.936	2398
567.971	2351
568.005	2361
568.039	2398
568.073	2371
568.107	2367
568.142	2388
568.176	2359
568.21	2366
568.244	2382
568.279	2377
568.313	2368
568.347	2384
568.381	2396
568.415	2366
568.45	2387
568.484	2356
568.518	2344
568.552	2366
568.587	2345
568.621	2365
568.655	2386
568.689	2342
568.723	2366
568.758	2361
568.792	2366
568.826	2384
568.86	2394
568.894	2410
568.929	2417
568.963	2423
568.997	2489
569.031	2486
569.065	2528
569.1	2583
569.134	2610
569.168	2641
569.202	2698
569.236	2733
569.271	2779
569.305	2777
569.339	2855
569.373	2855
569.407	2858
569.442	2873
569.476	2860
569.51	2866
569.544	2864
569.578	2784
569.613	2769
569.647	2783
569.681	2760
569.715	2753
569.749	2716
569.783	2695
569.818	2675
569.852	2625
569.886	2665
569.92	2621
569.954	2610
569.988	2580
570.023	2573
570.057	2565
570.091	2555
570.125	2532
570.159	2518
570.194	2527
570.228	2487
570.262	2488
570.296	2491
570.33	2499
570.364	2493
570.399	2507
570.433	2502
570.467	2523
570.501	2542
570.535	2551
570.569	2572
570.604	2619
570.638	2635
570.672	2707
570.706	2673
570.74	2733
570.774	2752
570.808	2783
570.843	2797
570.877	2824
570.911	2822
570.945	2805
570.979	2811
571.013	2760
571.048	2762
571.082	2710
571.116	2676
571.15	2669
571.184	2649
571.218	2586
571.252	2573
571.287	2523
571.321	2460
571.355	2423
571.389	2391
571.423	2341
571.457	2298
571.491	2297
571.526	2265
571.56	2225
571.594	2224
571.628	2195
571.662	2166
571.696	2159
571.73	2131
571.765	2115
571.799	2094
571.833	2073
571.867	2067
571.901	2080
571.935	2058
571.969	2027
572.003	2014
572.038	2020
572.072	2029
572.106	1999
572.14	1991
572.174	1975
572.208	1999
572.242	1989
572.276	1974
572.311	1998
572.345	1982
572.379	1940
572.413	1945
572.447	1978
572.481	1946
572.515	1960
572.549	1967
572.583	1929
572.618	1942
572.652	1956
572.686	1947
572.72	1922
572.754	1943
572.788	1941
572.822	1931
572.856	1917
572.89	1917
572.925	1905
572.959	1926
572.993	1914
573.027	1901
573.061	1907
573.095	1906
573.129	1915
573.163	1892
573.197	1905
573.231	1898
573.265	1902
573.3	1906
573.334	1883
573.368	1894
573.402	1876
573.436	1890
573.47	1886
573.504	1912
573.538	1885
573.572	1883
573.606	1877
573.64	1881
573.675	1876
573.709	1862
573.743	1885
573.777	1857
573.811	1902
573.845	1879
573.879	1871
573.913	1875
573.947	1897
573.981	1886
574.015	1867
574.049	1886
574.083	1845
574.118	1880
574.152	1878
574.186	1857
574.22	1883
574.254	1865
574.288	1860
574.322	1875
574.356	1873
574.39	1852
574.424	1840
574.458	1849
574.492	1865
574.526	1870
574.56	1874
574.594	1870
574.629	1858
574.663	1865
574.697	1869
574.731	1874
574.765	1867
574.799	1842
574.833	1852
574.867	1859
574.901	1862
574.935	1849
574.969	1853
575.003	1855
575.037	1870
575.071	1853
575.105	1852
575.139	1841
575.173	1860
575.207	1863
575.241	1877
575.275	1870
575.31	1857
575.344	1850
575.378	1872
575.412	1861
575.446	1847
575.48	1876
575.514	1873
575.548	1875
575.582	1850
575.616	1874
575.65	1873
575.684	1871
575.718	1866
575.752	1860
575.786	1878
575.82	1848
575.854	1859
575.888	1879
575.922	1866
575.956	1881
575.99	1880
576.024	1859
576.058	1864
576.092	1869
576.126	1868
576.16	1875
576.194	1864
576.228	1845
576.262	1854
576.296	1888
576.33	1898
576.364	1860
576.398	1876
576.432	1885
576.466	1869
576.5	1861
576.534	1875
576.568	1873
576.602	1883
576.636	1859
576.67	1885
576.704	1900
576.738	1881
576.772	1891
576.806	1903
576.84	1887
576.874	1894
576.908	1879
576.942	1899
576.976	1900
577.01	1879
577.044	1883
577.078	1886
577.112	1907
577.146	1880
577.18	1886
577.214	1888
577.248	1901
577.282	1908
577.316	1901
577.35	1901
577.384	1908
577.418	1904
577.452	1899
577.486	1894
577.52	1883
577.554	1896
577.588	1905
577.622	1906
577.656	1903
577.69	1885
577.724	1900
577.758	1913
577.792	1907
577.826	1888
577.86	1896
577.894	1917
577.928	1924
577.962	1903
577.996	1883
578.03	1904
578.064	1926
578.098	1906
578.132	1900
578.166	1909
578.2	1928
578.234	1938
578.268	1921
578.302	1925
578.336	1945
578.37	1936
578.404	1932
578.437	1947
578.471	1927
578.505	1924
578.539	1904
578.573	1927
578.607	1931
578.641	1931
578.675	1920
578.709	1935
578.743	1922
578.777	1933
578.811	1925
578.845	1943
578.879	1936
578.913	1917
578.947	1940
578.981	1941
579.015	1942
579.049	1948
579.083	1935
579.116	1952
579.15	1929
579.184	1931
579.218	1956
579.252	1934
579.286	1934
579.32	1935
579.354	1931
579.388	1949
579.422	1927
579.456	1924
579.49	1948
579.524	1947
579.558	1968
579.592	1942
579.625	1972
579.659	1940
579.693	1930
579.727	1938
579.761	1945
579.795	1947
579.829	1941
579.863	1945
579.897	1939
579.931	1960
579.965	1947
579.999	1962
580.033	1939
580.066	1950
580.1	1949
580.134	1935
580.168	1952
580.202	1938
580.236	1938
580.27	1948
580.304	1940
580.338	1963
580.372	1958
580.406	1912
580.439	1951
580.473	1941
580.507	1941
580.541	1949
580.575	1945
580.609	1965
580.643	1957
580.677	1946
580.711	1960
580.745	1941
580.778	1937
580.812	1958
580.846	1957
580.88	1960
580.914	1921
580.948	1960
580.982	1941
581.016	1943
581.05	1961
581.083	1935
581.117	1954
581.151	1945
581.185	1944
581.219	1958
581.253	1943
581.287	1938
581.321	1962
581.355	1989
581.388	1945
581.422	1964
581.456	1944
581.49	1962
581.524	1976
581.558	1962
581.592	1954
581.626	1962
581.659	1943
581.693	1938
581.727	1955
581.761	1928
581.795	1941
581.829	1956
581.863	1944
581.896	1961
581.93	1951
581.964	1932
581.998	1964
582.032	1974
582.066	1960
582.1	1950
582.133	1964
582.167	1978
582.201	1962
582.235	1951
582.269	1968
582.303	1956
582.337	1953
582.37	1942
582.404	1970
582.438	1954
582.472	1962
582.506	1971
582.54	1963
582.574	1953
582.607	1963
582.641	1964
582.675	1973
582.709	1961
582.743	1947
582.777	1955
582.81	1979
582.844	1953
582.878	1973
582.912	1985
582.946	1960
582.98	1975
583.013	1979
583.047	1957
583.081	1981
583.115	1952
583.149	1974
583.183	1975
583.216	1973
583.25	1973
583.284	1974
583.318	1976
583.352	1972
583.386	1986
583.419	1973
583.453	1973
583.487	1980
583.521	1999
583.555	1967
583.589	1989
583.622	1980
583.656	1980
583.69	1994
583.724	1980
583.758	1994
583.791	1980
583.825	2015
583.859	1973
583.893	2001
583.927	2013
583.96	1985
583.994	1983
584.028	1986
584.062	2026
584.096	2009
584.129	2011
584.163	2014
584.197	1986
584.231	2004
584.265	2002
584.298	2010
584.332	2004
584.366	1996
584.4	2011
584.434	2018
584.467	2028
584.501	1998
584.535	2017
584.569	1999
584.603	2021
584.636	2013
584.67	2027
584.704	2034
584.738	2026
584.772	2013
584.805	2020
584.839	2020
584.873	2015
584.907	2013
584.94	2009
584.974	2025
585.008	2019
585.042	2017
585.076	2038
585.109	2027
585.143	2022
585.177	2029
585.211	2028
585.244	2055
585.278	2035
585.312	2035
585.346	2024
585.38	2024
585.413	2045
585.447	2032
585.481	2026
585.515	2044
585.548	2031
585.582	2031
585.616	2049
585.65	2006
585.683	2031
585.717	2034
585.751	2059
585.785	2037
585.818	2051
585.852	2032
585.886	2020
585.92	2030
585.953	2035
585.987	2061
586.021	2039
586.055	2039
586.088	2036
586.122	2024
586.156	2046
586.19	2036
586.223	2022
586.257	2033
586.291	2023
586.325	2022
586.358	2010
586.392	2010
586.426	2033
586.46	2015
586.493	2029
586.527	2010
586.561	2035
586.595	2053
586.628	2024
586.662	2012
586.696	2024
586.73	2007
586.763	2018
586.797	2019
586.831	2019
586.864	1999
586.898	2007
586.932	2020
586.966	2012
586.999	2031
587.033	2009
587.067	1999
587.1	2011
587.134	1996
587.168	2011
587.202	2001
587.235	2016
587.269	1986
587.303	2005
587.336	2003
587.37	2012
587.404	1974
587.438	1987
587.471	1995
587.505	1993
587.539	1991
587.572	1990
587.606	1976
587.64	1960
587.674	1977
587.707	1965
587.741	1979
587.775	1958
587.808	1970
587.842	1974
587.876	1980
587.909	1969
587.943	1961
587.977	1959
588.011	1952
588.044	1964
588.078	1938
588.112	1960
588.145	1930
588.179	1929
588.213	1928
588.246	1956
588.28	1933
588.314	1930
588.347	1941
588.381	1931
588.415	1925
588.448	1937
588.482	1927
588.516	1936
588.55	1919
588.583	1909
588.617	1907
588.651	1905
588.684	1900
588.718	1922
588.752	1907
588.785	1896
588.819	1897
588.853	1893
588.886	1897
588.92	1871
588.954	1876
588.987	1887
589.021	1892
589.055	1882
589.088	1876
589.122	1867
589.156	1864
589.189	1861
589.223	1868
589.257	1878
589.29	1860
589.324	1858
589.358	1853
589.391	1858
589.425	1849
589.458	1843
589.492	1837
589.526	1823
589.559	1838
589.593	1849
589.627	1824
589.66	1825
589.694	1813
589.728	1815
589.761	1827
589.795	1834
589.829	1814
589.862	1816
589.896	1804
589.929	1805
589.963	1816
589.997	1816
590.03	1800
590.064	1800
590.098	1809
590.131	1792
590.165	1777
590.199	1800
590.232	1766
590.266	1790
590.299	1786
590.333	1778
590.367	1780
590.4	1785
590.434	1777
590.468	1752
590.501	1764
590.535	1749
590.568	1774
590.602	1758
590.636	1743
590.669	1775
590.703	1748
590.737	1738
590.77	1759
590.804	1752
590.837	1737
590.871	1730
590.905	1736
590.938	1742
590.972	1718
591.005	1728
591.039	1729
591.073	1740
591.106	1750
591.14	1726
591.173	1715
591.207	1711
591.241	1707
591.274	1725
591.308	1725
591.341	1722
591.375	1733
591.409	1717
591.442	1697
591.476	1714
591.509	1696
591.543	1731
591.577	1693
591.61	1681
591.644	1694
591.677	1680
591.711	1688
591.745	1684
591.778	1675
591.812	1672
591.845	1671
591.879	1687
591.912	1686
591.946	1685
591.98	1662
592.013	1666
592.047	1660
592.08	1676
592.114	1654
592.147	1647
592.181	1670
592.215	1643
592.248	1662
592.282	1648
592.315	1641
592.349	1665
592.382	1655
592.416	1642
592.45	1648
592.483	1638
592.517	1645
592.55	1646
592.584	1632
592.617	1630
592.651	1635
592.685	1624
592.718	1632
592.752	1651
592.785	1623
592.819	1634
592.852	1614
592.886	1614
592.919	1613
592.953	1632
592.986	1624
593.02	1612
593.054	1626
593.087	1627
593.121	1631
593.154	1605
593.188	1620
593.221	1599
593.255	1603
593.288	1608
593.322	1588
593.355	1606
593.389	1605
593.423	1601
593.456	1582
593.49	1590
593.523	1612
593.557	1576
593.59	1597
593.624	1578
593.657	1574
593.691	1588
593.724	1586
593.758	1578
593.791	1583
593.825	1586
593.858	1583
593.892	1574
593.925	1580
593.959	1566
593.992	1568
594.026	1577
594.06	1572
594.093	1576
594.127	1560
594.16	1561
594.194	1561
594.227	1563
594.261	1553
594.294	1564
594.328	1565
594.361	1547
594.395	1546
594.428	1544
594.462	1549
594.495	1540
594.529	1568
594.562	1543
594.596	1545
594.629	1546
594.663	1539
594.696	1527
594.73	1527
594.763	1545
594.797	1535
594.83	1535
594.864	1537
594.897	1536
594.931	1523
594.964	1520
594.998	1520
595.031	1515
595.065	1521
595.098	1534
595.132	1517
595.165	1515
595.199	1519
595.232	1502
595.265	1520
595.299	1510
595.332	1507
595.366	1504
595.399	1498
595.433	1516
595.466	1500
595.5	1488
595.533	1505
595.567	1510
595.6	1508
595.634	1489
595.667	1506
595.701	1497
595.734	1506
595.768	1488
595.801	1512
595.835	1496
595.868	1486
595.901	1484
595.935	1483
595.968	1485
596.002	1484
596.035	1500
596.069	1483
596.102	1495
596.136	1490
596.169	1491
596.203	1489
596.236	1491
596.269	1495
596.303	1489
596.336	1477
596.37	1481
596.403	1479
596.437	1493
596.47	1489
596.504	1475
596.537	1491
596.57	1483
596.604	1484
596.637	1477
596.671	1471
596.704	1474
596.738	1477
596.771	1472
596.805	1471
596.838	1476
596.871	1493
596.905	1481
596.938	1469
596.972	1470
597.005	1481
597.039	1469
597.072	1474
597.105	1474
597.139	1473
597.172	1489
597.206	1496
