562.518	1588
562.552	1552
562.587	1570
562.621	1554
562.655	1572
562.69	1565
562.724	1563
562.758	1573
562.793	1573
562.827	1565
562.862	1572
562.896	1560
562.93	1551
562.965	1575
562.999	1558
563.033	1574
563.068	1556
563.102	1553
563.136	1562
563.171	1554
563.205	1564
563.239	1554
563.274	1561
563.308	1560
563.342	1553
563.377	1556
563.411	1555
563.445	1560
563.48	1544
563.514	1555
563.548	1563
563.583	1559
563.617	1568
563.651	1560
563.686	1557
563.72	1562
563.754	1547
563.789	1558
563.823	1566
563.857	1554
563.892	1566
563.926	1548
563.96	1566
563.995	1545
564.029	1551
564.063	1549
564.098	1552
564.132	1560
564.166	1574
564.201	1558
564.235	1576
564.269	1543
564.304	1558
564.338	1559
564.372	1535
564.406	1539
564.441	1543
564.475	1553
564.509	1537
564.544	1544
564.578	1543
564.612	1552
564.647	1553
564.681	1538
564.715	1556
564.75	1545
564.784	1559
564.818	1555
564.852	1565
564.887	1560
564.921	1541
564.955	1553
564.99	1556
565.024	1566
565.058	1553
565.093	1566
565.127	1555
565.161	1552
565.195	1567
565.23	1581
565.264	1568
565.298	1562
565.333	1590
565.367	1582
565.401	1591
565.435	1574
565.47	1585
565.504	1582
565.538	1602
565.573	1599
565.607	1587
565.641	1607
565.675	1613
565.71	1602
565.744	1600
565.778	1640
565.813	1611
565.847	1612
565.881	1643
565.915	1650
565.95	1656
565.984	1657
566.018	1676
566.053	1675
566.087	1685
566.121	1696
566.155	1733
566.19	1728
566.224	1733
566.258	1753
566.292	1771
566.327	1801
566.361	1782
566.395	1811
566.43	1824
566.464	1829
566.498	1840
566.532	1816
566.567	1827
566.601	1806
566.635	1817
566.669	1806
566.704	1807
566.738	1799
566.772	1778
566.806	1782
566.841	1772
566.875	1777
566.909	1769
566.943	1762
566.978	1755
567.012	1759
567.046	1756
567.08	1769
567.115	1771
567.149	1779
567.183	1783
567.217	1783
567.252	1791
567.286	1796
567.32	1807
567.354	1839
567.389	1831
567.423	1867
567.457	1871
567.491	1901
567.526	1903
567.56	1907
567.594	1944
567.628	1946
567.663	1969
567.697	1976
567.731	1995
567.765	1991
567.799	2007
567.834	2020
567.868	2009
567.902	1983
567.936	2010
567.971	2014
568.005	2004
568.039	2009
568.073	2005
568.107	2038
568.142	2004
568.176	2028
568.21	2043
568.244	2036
568.279	2027
568.313	2032
568.347	2025
568.381	2040
568.415	2032
568.45	2031
568.484	2044
568.518	2004
568.552	2060
568.587	2062
568.621	2040
568.655	2057
568.689	2051
568.723	2061
568.758	2053
568.792	2043
568.826	2066
568.86	2092
568.894	2106
568.929	2108
568.963	2090
568.997	2160
569.031	2192
569.065	2218
569.1	2249
569.134	2277
569.168	2308
569.202	2386
569.236	2389
569.271	2449
569.305	2464
569.339	2494
569.373	2527
569.407	2532
569.442	2561
569.476	2548
569.51	2549
569.544	2549
569.578	2498
569.613	2494
569.647	2513
569.681	2471
569.715	2445
569.749	2444
569.783	2432
569.818	2416
569.852	2409
569.886	2394
569.92	2385
569.954	2387
569.988	2380
570.023	2374
570.057	2346
570.091	2356
570.125	2323
570.159	2320
570.194	2352
570.228	2321
570.262	2297
570.296	2287
570.33	2289
570.364	2280
570.399	2267
570.433	2269
570.467	2284
570.501	2295
570.535	2327
570.569	2353
570.604	2345
570.638	2373
570.672	2394
570.706	2412
570.74	2439
570.774	2465
570.808	2488
570.843	2497
570.877	2505
570.911	2499
570.945	2523
570.979	2505
571.013	2496
571.048	2465
571.082	2443
571.116	2420
571.15	2401
571.184	2381
571.218	2343
571.252	2298
571.287	2279
571.321	2210
571.355	2177
571.389	2150
571.423	2132
571.457	2076
571.491	2078
571.526	2046
571.56	2027
571.594	1990
571.628	1965
571.662	1957
571.696	1917
571.73	1904
571.765	1909
571.799	1873
571.833	1860
571.867	1861
571.901	1845
571.935	1832
571.969	1824
572.003	1792
572.038	1780
572.072	1802
572.106	1774
572.14	1751
572.174	1738
572.208	1738
572.242	1745
572.276	1716
572.311	1709
572.345	1706
572.379	1721
572.413	1707
572.447	1705
572.481	1695
572.515	1667
572.549	1691
572.583	1681
572.618	1679
572.652	1663
572.686	1664
572.72	1670
572.754	1647
572.788	1639
572.822	1631
572.856	1650
572.89	1642
572.925	1656
572.959	1632
572.993	1633
573.027	1631
573.061	1623
573.095	1632
573.129	1635
573.163	1647
573.197	1640
573.231	1617
573.265	1641
573.3	1615
573.334	1621
573.368	1630
573.402	1643
573.436	1622
573.47	1624
573.504	1613
573.538	1614
573.572	1609
573.606	1606
573.64	1605
573.675	1597
573.709	1618
573.743	1605
573.777	1596
573.811	1603
573.845	1602
573.879	1607
573.913	1593
573.947	1595
573.981	1595
574.015	1588
574.049	1602
574.083	1613
574.118	1589
574.152	1589
574.186	1605
574.22	1600
574.254	1591
574.288	1601
574.322	1575
574.356	1600
574.39	1594
574.424	1594
574.458	1587
574.492	1594
574.526	1586
574.56	1584
574.594	1589
574.629	1604
574.663	1582
574.697	1581
574.731	1593
574.765	1582
574.799	1579
574.833	1572
574.867	1571
574.901	1582
574.935	1592
574.969	1583
575.003	1592
575.037	1597
575.071	1577
575.105	1583
575.139	1580
575.173	1583
575.207	1595
575.241	1594
575.275	1572
575.31	1554
575.344	1582
575.378	1595
575.412	1581
575.446	1586
575.48	1583
575.514	1582
575.548	1593
575.582	1589
575.616	1573
575.65	1581
575.684	1594
575.718	1584
575.752	1589
575.786	1581
575.82	1587
575.854	1584
575.888	1594
575.922	1610
575.956	1591
575.99	1603
576.024	1614
576.058	1594
576.092	1589
576.126	1605
576.16	1599
576.194	1591
576.228	1604
576.262	1573
576.296	1592
576.33	1603
576.364	1603
576.398	1607
576.432	1612
576.466	1603
576.5	1613
576.534	1594
576.568	1595
576.602	1624
576.636	1603
576.67	1617
576.704	1621
576.738	1626
576.772	1602
576.806	1617
576.84	1614
576.874	1631
576.908	1617
576.942	1618
576.976	1618
577.01	1612
577.044	1626
577.078	1631
577.112	1626
577.146	1628
577.18	1610
577.214	1629
577.248	1619
577.282	1626
577.316	1624
577.35	1624
577.384	1631
577.418	1621
577.452	1637
577.486	1648
577.52	1644
577.554	1659
577.588	1661
577.622	1634
577.656	1654
577.69	1661
577.724	1639
577.758	1637
577.792	1647
577.826	1639
577.86	1649
577.894	1658
577.928	1663
577.962	1655
577.996	1652
578.03	1665
578.064	1665
578.098	1662
578.132	1678
578.166	1661
578.2	1653
578.234	1683
578.268	1669
578.302	1667
578.336	1676
578.37	1675
578.404	1675
578.437	1677
578.471	1692
578.505	1677
578.539	1691
578.573	1666
578.607	1661
578.641	1676
578.675	1682
578.709	1686
578.743	1681
578.777	1674
578.811	1693
578.845	1691
578.879	1700
578.913	1695
578.947	1692
578.981	1699
579.015	1687
579.049	1696
579.083	1693
579.116	1715
579.15	1701
579.184	1682
579.218	1715
579.252	1694
579.286	1706
579.32	1692
579.354	1713
579.388	1720
579.422	1696
579.456	1686
579.49	1705
579.524	1708
579.558	1716
579.592	1737
579.625	1710
579.659	1721
579.693	1704
579.727	1721
579.761	1714
579.795	1703
579.829	1710
579.863	1707
579.897	1733
579.931	1716
579.965	1722
579.999	1715
580.033	1723
580.066	1710
580.1	1717
580.134	1717
580.168	1715
580.202	1727
580.236	1715
580.27	1719
580.304	1731
580.338	1712
580.372	1735
580.406	1724
580.439	1722
580.473	1734
580.507	1741
580.541	1721
580.575	1733
580.609	1724
580.643	1731
580.677	1733
580.711	1721
580.745	1742
580.778	1723
580.812	1705
580.846	1724
580.88	1765
580.914	1736
580.948	1726
580.982	1728
581.016	1739
581.05	1717
581.083	1753
581.117	1750
581.151	1752
581.185	1743
581.219	1731
581.253	1740
581.287	1757
581.321	1754
581.355	1746
581.388	1728
581.422	1750
581.456	1739
581.49	1736
581.524	1754
581.558	1750
581.592	1740
581.626	1759
581.659	1728
581.693	1756
581.727	1746
581.761	1750
581.795	1722
581.829	1736
581.863	1773
581.896	1748
581.93	1763
581.964	1740
581.998	1742
582.032	1752
582.066	1740
582.1	1755
582.133	1752
582.167	1768
582.201	1770
582.235	1756
582.269	1771
582.303	1762
582.337	1772
582.37	1775
582.404	1744
582.438	1754
582.472	1754
582.506	1765
582.54	1765
582.574	1775
582.607	1788
582.641	1763
582.675	1752
582.709	1759
582.743	1758
582.777	1784
582.81	1755
582.844	1758
582.878	1775
582.912	1793
582.946	1782
582.98	1790
583.013	1784
583.047	1790
583.081	1798
583.115	1772
583.149	1787
583.183	1782
583.216	1796
583.25	1803
583.284	1791
583.318	1792
583.352	1795
583.386	1776
583.419	1819
583.453	1825
583.487	1820
583.521	1802
583.555	1816
583.589	1794
583.622	1829
583.656	1819
583.69	1810
583.724	1829
583.758	1811
583.791	1822
583.825	1816
583.859	1817
583.893	1843
583.927	1830
583.96	1814
583.994	1834
584.028	1822
584.062	1833
584.096	1813
584.129	1850
584.163	1838
584.197	1836
584.231	1858
584.265	1827
584.298	1858
584.332	1825
584.366	1824
584.4	1862
584.434	1842
584.467	1841
584.501	1867
584.535	1858
584.569	1856
584.603	1866
584.636	1870
584.67	1848
584.704	1864
584.738	1859
584.772	1868
584.805	1866
584.839	1864
584.873	1885
584.907	1860
584.94	1877
584.974	1875
585.008	1874
585.042	1860
585.076	1881
585.109	1884
585.143	1875
585.177	1878
585.211	1870
585.244	1893
585.278	1889
585.312	1900
585.346	1882
585.38	1869
585.413	1876
585.447	1876
585.481	1881
585.515	1862
585.548	1902
585.582	1891
585.616	1895
585.65	1900
585.683	1874
585.717	1896
585.751	1887
585.785	1874
585.818	1882
585.852	1910
585.886	1895
585.92	1889
585.953	1882
585.987	1890
586.021	1905
586.055	1890
586.088	1881
586.122	1894
586.156	1891
586.19	1893
586.223	1872
586.257	1886
586.291	1905
586.325	1889
586.358	1896
586.392	1894
586.426	1887
586.46	1899
586.493	1932
586.527	1883
586.561	1904
586.595	1883
586.628	1883
586.662	1867
586.696	1873
586.73	1879
586.763	1865
586.797	1863
586.831	1893
586.864	1895
586.898	1878
586.932	1887
586.966	1879
586.999	1902
587.033	1882
587.067	1889
587.1	1860
587.134	1860
587.168	1870
587.202	1890
587.235	1857
587.269	1848
587.303	1859
587.336	1868
587.37	1858
587.404	1871
587.438	1846
587.471	1851
587.505	1847
587.539	1853
587.572	1853
587.606	1853
587.64	1821
587.674	1835
587.707	1843
587.741	1847
587.775	1822
587.808	1831
587.842	1835
587.876	1833
587.909	1812
587.943	1831
587.977	1820
588.011	1830
588.044	1806
588.078	1825
588.112	1827
588.145	1813
588.179	1804
588.213	1821
588.246	1807
588.28	1809
588.314	1797
588.347	1793
588.381	1796
588.415	1773
588.448	1775
588.482	1770
588.516	1787
588.55	1781
588.583	1755
588.617	1765
588.651	1777
588.684	1752
588.718	1767
588.752	1758
588.785	1722
588.819	1741
588.853	1760
588.886	1749
588.92	1749
588.954	1751
588.987	1746
589.021	1730
589.055	1742
589.088	1729
589.122	1726
589.156	1718
589.189	1719
589.223	1721
589.257	1719
589.29	1701
589.324	1701
589.358	1704
589.391	1692
589.425	1689
589.458	1700
589.492	1703
589.526	1694
589.559	1678
589.593	1688
589.627	1685
589.66	1686
589.694	1663
589.728	1656
589.761	1668
589.795	1665
589.829	1658
589.862	1657
589.896	1659
589.929	1653
589.963	1665
589.997	1644
590.03	1643
590.064	1633
590.098	1647
590.131	1646
590.165	1635
590.199	1630
590.232	1631
590.266	1618
590.299	1622
590.333	1601
590.367	1607
590.4	1613
590.434	1617
590.468	1606
590.501	1589
590.535	1608
590.568	1604
590.602	1602
590.636	1582
590.669	1595
590.703	1595
590.737	1579
590.77	1581
590.804	1563
590.837	1581
590.871	1592
590.905	1562
590.938	1570
590.972	1572
591.005	1574
591.039	1553
591.073	1530
591.106	1530
591.14	1559
591.173	1552
591.207	1553
591.241	1554
591.274	1538
591.308	1543
591.341	1533
591.375	1532
591.409	1548
591.442	1530
591.476	1538
591.509	1522
591.543	1526
591.577	1521
591.61	1495
591.644	1514
591.677	1510
591.711	1519
591.745	1516
591.778	1516
591.812	1508
591.845	1497
591.879	1486
591.912	1497
591.946	1494
591.98	1499
592.013	1479
592.047	1506
592.08	1483
592.114	1486
592.147	1484
592.181	1478
592.215	1483
592.248	1495
592.282	1492
592.315	1484
592.349	1467
592.382	1471
592.416	1468
592.45	1463
592.483	1467
592.517	1461
592.55	1466
592.584	1459
592.617	1457
592.651	1447
592.685	1452
592.718	1446
592.752	1449
592.785	1462
592.819	1445
592.852	1448
592.886	1443
592.919	1439
592.953	1446
592.986	1437
593.02	1438
593.054	1420
593.087	1430
593.121	1431
593.154	1434
593.188	1424
593.221	1419
593.255	1424
593.288	1414
593.322	1425
593.355	1426
593.389	1404
593.423	1419
593.456	1427
593.49	1407
593.523	1401
593.557	1399
593.59	1405
593.624	1410
593.657	1406
593.691	1402
593.724	1393
593.758	1403
593.791	1394
593.825	1403
593.858	1374
593.892	1404
593.925	1384
593.959	1380
593.992	1382
594.026	1373
594.06	1374
594.093	1370
594.127	1372
594.16	1378
594.194	1359
594.227	1358
594.261	1367
594.294	1363
594.328	1360
594.361	1376
594.395	1365
594.428	1357
594.462	1352
594.495	1354
594.529	1359
594.562	1364
594.596	1342
594.629	1350
594.663	1352
594.696	1341
594.73	1353
594.763	1344
594.797	1343
594.83	1333
594.864	1325
594.897	1330
594.931	1331
594.964	1336
594.998	1328
595.031	1333
595.065	1318
595.098	1328
595.132	1324
595.165	1319
595.199	1323
595.232	1318
595.265	1318
595.299	1312
595.332	1314
595.366	1311
595.399	1312
595.433	1304
595.466	1314
595.5	1305
595.533	1313
595.567	1307
595.6	1299
595.634	1307
595.667	1306
595.701	1300
595.734	1310
595.768	1306
595.801	1301
595.835	1301
595.868	1302
595.901	1296
595.935	1294
595.968	1293
596.002	1299
596.035	1291
596.069	1291
596.102	1289
596.136	1291
596.169	1287
596.203	1296
596.236	1293
596.269	1299
596.303	1292
596.336	1297
596.37	1289
596.403	1291
596.437	1292
596.47	1293
596.504	1287
596.537	1296
596.57	1289
596.604	1289
596.637	1288
596.671	1282
596.704	1285
596.738	1286
596.771	1285
596.805	1296
596.838	1281
596.871	1289
596.905	1271
596.938	1277
596.972	1286
597.005	1278
597.039	1284
597.072	1272
597.105	1282
597.139	1284
597.172	1281
597.206	1284
