562.518	2154
562.552	2136
562.587	2175
562.621	2177
562.655	2172
562.69	2153
562.724	2169
562.758	2173
562.793	2208
562.827	2206
562.862	2213
562.896	2186
562.93	2171
562.965	2188
562.999	2218
563.033	2176
563.068	2184
563.102	2184
563.136	2176
563.171	2171
563.205	2187
563.239	2173
563.274	2169
563.308	2160
563.342	2186
563.377	2168
563.411	2164
563.445	2173
563.48	2184
563.514	2175
563.548	2172
563.583	2167
563.617	2154
563.651	2174
563.686	2171
563.72	2209
563.754	2170
563.789	2187
563.823	2171
563.857	2171
563.892	2189
563.926	2182
563.96	2168
563.995	2172
564.029	2185
564.063	2177
564.098	2138
564.132	2159
564.166	2180
564.201	2156
564.235	2170
564.269	2162
564.304	2171
564.338	2144
564.372	2141
564.406	2141
564.441	2173
564.475	2147
564.509	2161
564.544	2152
564.578	2160
564.612	2144
564.647	2144
564.681	2157
564.715	2123
564.75	2165
564.784	2146
564.818	2159
564.852	2158
564.887	2155
564.921	2165
564.955	2177
564.99	2170
565.024	2198
565.058	2214
565.093	2175
565.127	2196
565.161	2172
565.195	2221
565.23	2220
565.264	2215
565.298	2219
565.333	2231
565.367	2204
565.401	2233
565.435	2232
565.47	2249
565.504	2249
565.538	2272
565.573	2264
565.607	2284
565.641	2275
565.675	2314
565.71	2298
565.744	2323
565.778	2331
565.813	2375
565.847	2401
565.881	2377
565.915	2393
565.95	2454
565.984	2432
566.018	2468
566.053	2488
566.087	2521
566.121	2560
566.155	2577
566.19	2648
566.224	2693
566.258	2704
566.292	2738
566.327	2796
566.361	2867
566.395	2896
566.43	2933
566.464	2978
566.498	2998
566.532	3037
566.567	3006
566.601	3021
566.635	3010
566.669	3006
566.704	2988
566.738	2956
566.772	2902
566.806	2908
566.841	2858
566.875	2867
566.909	2827
566.943	2778
566.978	2761
567.012	2772
567.046	2743
567.08	2732
567.115	2743
567.149	2747
567.183	2736
567.217	2779
567.252	2756
567.286	2772
567.32	2812
567.354	2791
567.389	2828
567.423	2873
567.457	2905
567.491	2951
567.526	2983
567.56	3020
567.594	3062
567.628	3090
567.663	3151
567.697	3176
567.731	3208
567.765	3251
567.799	3252
567.834	3274
567.868	3298
567.902	3290
567.936	3320
567.971	3323
568.005	3318
568.039	3349
568.073	3344
568.107	3332
568.142	3309
568.176	3344
568.21	3379
568.244	3362
568.279	3389
568.313	3415
568.347	3437
568.381	3394
568.415	3394
568.45	3411
568.484	3402
568.518	3465
568.552	3393
568.587	3441
568.621	3392
568.655	3423
568.689	3443
568.723	3473
568.758	3472
568.792	3508
568.826	3499
568.86	3539
568.894	3565
568.929	3612
568.963	3658
568.997	3674
569.031	3728
569.065	3756
569.1	3817
569.134	3876
569.168	3975
569.202	4092
569.236	4190
569.271	4281
569.305	4339
569.339	4434
569.373	4498
569.407	4618
569.442	4654
569.476	4678
569.51	4696
569.544	4717
569.578	4713
569.613	4693
569.647	4705
569.681	4676
569.715	4634
569.749	4642
569.783	4594
569.818	4567
569.852	4568
569.886	4566
569.92	4562
569.954	4518
569.988	4527
570.023	4495
570.057	4503
570.091	4500
570.125	4483
570.159	4422
570.194	4413
570.228	4371
570.262	4366
570.296	4355
570.33	4308
570.364	4273
570.399	4239
570.433	4222
570.467	4239
570.501	4241
570.535	4265
570.569	4279
570.604	4335
570.638	4437
570.672	4461
570.706	4482
570.74	4511
570.774	4584
570.808	4632
570.843	4735
570.877	4761
570.911	4813
570.945	4810
570.979	4832
571.013	4805
571.048	4754
571.082	4781
571.116	4728
571.15	4707
571.184	4587
571.218	4483
571.252	4462
571.287	4369
571.321	4264
571.355	4209
571.389	4107
571.423	4012
571.457	3907
571.491	3842
571.526	3751
571.56	3702
571.594	3623
571.628	3566
571.662	3467
571.696	3412
571.73	3356
571.765	3348
571.799	3260
571.833	3223
571.867	3183
571.901	3147
571.935	3090
571.969	3047
572.003	2983
572.038	2960
572.072	2919
572.106	2914
572.14	2864
572.174	2851
572.208	2840
572.242	2798
572.276	2747
572.311	2761
572.345	2713
572.379	2688
572.413	2697
572.447	2665
572.481	2655
572.515	2640
572.549	2630
572.583	2628
572.618	2597
572.652	2551
572.686	2585
572.72	2564
572.754	2554
572.788	2501
572.822	2505
572.856	2545
572.89	2521
572.925	2509
572.959	2511
572.993	2489
573.027	2478
573.061	2460
573.095	2466
573.129	2474
573.163	2464
573.197	2443
573.231	2451
573.265	2442
573.3	2446
573.334	2428
573.368	2407
573.402	2458
573.436	2442
573.47	2431
573.504	2405
573.538	2404
573.572	2418
573.606	2418
573.64	2419
573.675	2383
573.709	2373
573.743	2370
573.777	2370
573.811	2374
573.845	2379
573.879	2379
573.913	2339
573.947	2373
573.981	2386
574.015	2370
574.049	2372
574.083	2352
574.118	2377
574.152	2362
574.186	2348
574.22	2348
574.254	2341
574.288	2363
574.322	2330
574.356	2364
574.39	2319
574.424	2356
574.458	2333
574.492	2341
574.526	2352
574.56	2368
574.594	2355
574.629	2306
574.663	2355
574.697	2336
574.731	2290
574.765	2350
574.799	2345
574.833	2337
574.867	2358
574.901	2321
574.935	2351
574.969	2322
575.003	2313
575.037	2313
575.071	2336
575.105	2325
575.139	2343
575.173	2332
575.207	2336
575.241	2315
575.275	2328
575.31	2319
575.344	2334
575.378	2349
575.412	2322
575.446	2327
575.48	2337
575.514	2328
575.548	2320
575.582	2354
575.616	2316
575.65	2339
575.684	2336
575.718	2341
575.752	2345
575.786	2317
575.82	2358
575.854	2364
575.888	2347
575.922	2338
575.956	2375
575.99	2340
576.024	2356
576.058	2345
576.092	2357
576.126	2368
576.16	2383
576.194	2355
576.228	2362
576.262	2389
576.296	2351
576.33	2382
576.364	2372
576.398	2398
576.432	2372
576.466	2386
576.5	2374
576.534	2388
576.568	2394
576.602	2406
576.636	2417
576.67	2376
576.704	2420
576.738	2378
576.772	2381
576.806	2428
576.84	2425
576.874	2411
576.908	2431
576.942	2397
576.976	2419
577.01	2434
577.044	2427
577.078	2432
577.112	2447
577.146	2429
577.18	2447
577.214	2460
577.248	2490
577.282	2470
577.316	2464
577.35	2466
577.384	2471
577.418	2485
577.452	2481
577.486	2491
577.52	2504
577.554	2499
577.588	2512
577.622	2469
577.656	2501
577.69	2521
577.724	2507
577.758	2538
577.792	2504
577.826	2521
577.86	2526
577.894	2546
577.928	2552
577.962	2544
577.996	2556
578.03	2537
578.064	2557
578.098	2533
578.132	2549
578.166	2566
578.2	2568
578.234	2579
578.268	2575
578.302	2596
578.336	2560
578.37	2589
578.404	2590
578.437	2604
578.471	2594
578.505	2627
578.539	2593
578.573	2595
578.607	2592
578.641	2630
578.675	2609
578.709	2599
578.743	2608
578.777	2643
578.811	2646
578.845	2625
578.879	2634
578.913	2657
578.947	2648
578.981	2703
579.015	2655
579.049	2672
579.083	2653
579.116	2681
579.15	2650
579.184	2680
579.218	2684
579.252	2685
579.286	2700
579.32	2692
579.354	2714
579.388	2694
579.422	2695
579.456	2707
579.49	2688
579.524	2721
579.558	2732
579.592	2702
579.625	2728
579.659	2708
579.693	2729
579.727	2716
579.761	2702
579.795	2742
579.829	2708
579.863	2714
579.897	2741
579.931	2733
579.965	2738
579.999	2737
580.033	2771
580.066	2747
580.1	2732
580.134	2752
580.168	2778
580.202	2761
580.236	2773
580.27	2749
580.304	2744
580.338	2793
580.372	2776
580.406	2777
580.439	2799
580.473	2763
580.507	2781
580.541	2781
580.575	2775
580.609	2796
580.643	2794
580.677	2773
580.711	2759
580.745	2783
580.778	2779
580.812	2801
580.846	2810
580.88	2797
580.914	2792
580.948	2824
580.982	2792
581.016	2803
581.05	2790
581.083	2819
581.117	2828
581.151	2832
581.185	2849
581.219	2802
581.253	2833
581.287	2809
581.321	2822
581.355	2825
581.388	2850
581.422	2822
581.456	2846
581.49	2851
581.524	2858
581.558	2835
581.592	2853
581.626	2857
581.659	2852
581.693	2875
581.727	2850
581.761	2846
581.795	2841
581.829	2869
581.863	2849
581.896	2875
581.93	2875
581.964	2904
581.998	2858
582.032	2864
582.066	2900
582.1	2875
582.133	2876
582.167	2908
582.201	2893
582.235	2877
582.269	2936
582.303	2926
582.337	2894
582.37	2906
582.404	2910
582.438	2937
582.472	2917
582.506	2957
582.54	2936
582.574	2950
582.607	2954
582.641	2951
582.675	2912
582.709	2988
582.743	2940
582.777	2934
582.81	2980
582.844	2971
582.878	2984
582.912	2988
582.946	2989
582.98	3008
583.013	2984
583.047	3007
583.081	3004
583.115	2990
583.149	2985
583.183	3026
583.216	3024
583.25	3045
583.284	3038
583.318	3023
583.352	3014
583.386	3056
583.419	3028
583.453	3035
583.487	3095
583.521	3086
583.555	3072
583.589	3063
583.622	3083
583.656	3076
583.69	3058
583.724	3125
583.758	3087
583.791	3140
583.825	3092
583.859	3110
583.893	3115
583.927	3151
583.96	3129
583.994	3131
584.028	3146
584.062	3143
584.096	3109
584.129	3132
584.163	3167
584.197	3149
584.231	3159
584.265	3194
584.298	3164
584.332	3170
584.366	3201
584.4	3249
584.434	3230
584.467	3216
584.501	3236
584.535	3225
584.569	3198
584.603	3201
584.636	3233
584.67	3251
584.704	3198
584.738	3242
584.772	3250
584.805	3277
584.839	3270
584.873	3263
584.907	3211
584.94	3257
584.974	3273
585.008	3289
585.042	3287
585.076	3279
585.109	3295
585.143	3291
585.177	3319
585.211	3285
585.244	3290
585.278	3325
585.312	3324
585.346	3319
585.38	3311
585.413	3335
585.447	3324
585.481	3339
585.515	3292
585.548	3329
585.582	3312
585.616	3366
585.65	3343
585.683	3301
585.717	3382
585.751	3384
585.785	3358
585.818	3313
585.852	3374
585.886	3369
585.92	3349
585.953	3366
585.987	3368
586.021	3352
586.055	3351
586.088	3333
586.122	3373
586.156	3386
586.19	3342
586.223	3375
586.257	3389
586.291	3374
586.325	3310
586.358	3345
586.392	3338
586.426	3390
586.46	3370
586.493	3382
586.527	3343
586.561	3380
586.595	3340
586.628	3352
586.662	3346
586.696	3377
586.73	3389
586.763	3350
586.797	3326
586.831	3343
586.864	3360
586.898	3342
586.932	3325
586.966	3352
586.999	3325
587.033	3330
587.067	3344
587.1	3354
587.134	3325
587.168	3299
587.202	3249
587.235	3314
587.269	3296
587.303	3264
587.336	3277
587.37	3280
587.404	3286
587.438	3287
587.471	3269
587.505	3250
587.539	3267
587.572	3262
587.606	3262
587.64	3226
587.674	3262
587.707	3239
587.741	3233
587.775	3236
587.808	3177
587.842	3208
587.876	3201
587.909	3197
587.943	3174
587.977	3189
588.011	3149
588.044	3141
588.078	3157
588.112	3131
588.145	3144
588.179	3137
588.213	3157
588.246	3122
588.28	3120
588.314	3105
588.347	3092
588.381	3084
588.415	3069
588.448	3057
588.482	3053
588.516	3027
588.55	3017
588.583	3013
588.617	2994
588.651	3021
588.684	2995
588.718	3007
588.752	3016
588.785	2970
588.819	2952
588.853	2934
588.886	2949
588.92	2933
588.954	2956
588.987	2907
589.021	2915
589.055	2895
589.088	2883
589.122	2879
589.156	2869
589.189	2842
589.223	2808
589.257	2834
589.29	2833
589.324	2808
589.358	2822
589.391	2767
589.425	2788
589.458	2767
589.492	2777
589.526	2743
589.559	2757
589.593	2729
589.627	2753
589.66	2724
589.694	2719
589.728	2697
589.761	2680
589.795	2675
589.829	2655
589.862	2668
589.896	2665
589.929	2646
589.963	2624
589.997	2615
590.03	2603
590.064	2604
590.098	2611
590.131	2614
590.165	2579
590.199	2599
590.232	2582
590.266	2563
590.299	2542
590.333	2523
590.367	2517
590.4	2514
590.434	2539
590.468	2524
590.501	2524
590.535	2488
590.568	2478
590.602	2473
590.636	2443
590.669	2474
590.703	2436
590.737	2442
590.77	2397
590.804	2425
590.837	2407
590.871	2408
590.905	2364
590.938	2373
590.972	2384
591.005	2376
591.039	2331
591.073	2335
591.106	2358
591.14	2345
591.173	2322
591.207	2310
591.241	2300
591.274	2291
591.308	2299
591.341	2284
591.375	2279
591.409	2254
591.442	2259
591.476	2276
591.509	2244
591.543	2245
591.577	2244
591.61	2215
591.644	2217
591.677	2233
591.711	2216
591.745	2192
591.778	2189
591.812	2175
591.845	2177
591.879	2195
591.912	2146
591.946	2150
591.98	2155
592.013	2153
592.047	2153
592.08	2135
592.114	2131
592.147	2109
592.181	2123
592.215	2098
592.248	2096
592.282	2092
592.315	2084
592.349	2085
592.382	2094
592.416	2069
592.45	2067
592.483	2089
592.517	2061
592.55	2045
592.584	2058
592.617	2068
592.651	2049
592.685	2015
592.718	2029
592.752	2016
592.785	2001
592.819	2002
592.852	1993
592.886	1998
592.919	1968
592.953	1999
592.986	1978
593.02	1954
593.054	1973
593.087	1970
593.121	1954
593.154	1950
593.188	1931
593.221	1936
593.255	1933
593.288	1927
593.322	1913
593.355	1924
593.389	1915
593.423	1908
593.456	1885
593.49	1905
593.523	1893
593.557	1882
593.59	1884
593.624	1865
593.657	1868
593.691	1886
593.724	1854
593.758	1849
593.791	1858
593.825	1841
593.858	1833
593.892	1829
593.925	1810
593.959	1809
593.992	1797
594.026	1804
594.06	1782
594.093	1800
594.127	1795
594.16	1787
594.194	1780
594.227	1768
594.261	1764
594.294	1784
594.328	1759
594.361	1746
594.395	1749
594.428	1737
594.462	1741
594.495	1728
594.529	1713
594.562	1724
594.596	1729
594.629	1702
594.663	1697
594.696	1694
594.73	1689
594.763	1687
594.797	1661
594.83	1685
594.864	1666
594.897	1648
594.931	1651
594.964	1658
594.998	1619
595.031	1655
595.065	1647
595.098	1629
595.132	1631
595.165	1618
595.199	1602
595.232	1624
595.265	1609
595.299	1615
595.332	1592
595.366	1593
595.399	1582
595.433	1591
595.466	1587
595.5	1589
595.533	1584
595.567	1580
595.6	1572
595.634	1578
595.667	1558
595.701	1568
595.734	1551
595.768	1543
595.801	1546
595.835	1548
595.868	1558
595.901	1540
595.935	1554
595.968	1530
596.002	1543
596.035	1542
596.069	1545
596.102	1540
596.136	1517
596.169	1535
596.203	1527
596.236	1526
596.269	1520
596.303	1526
596.336	1527
596.37	1520
596.403	1533
596.437	1513
596.47	1520
596.504	1528
596.537	1513
596.57	1502
596.604	1511
596.637	1510
596.671	1506
596.704	1486
596.738	1499
596.771	1492
596.805	1503
596.838	1491
596.871	1497
596.905	1510
596.938	1502
596.972	1497
597.005	1501
597.039	1504
597.072	1475
597.105	1499
597.139	1491
597.172	1498
597.206	1494
