562.518	1638
562.552	1629
562.587	1617
562.621	1618
562.655	1630
562.69	1639
562.724	1620
562.758	1628
562.793	1645
562.827	1617
562.862	1616
562.896	1618
562.93	1622
562.965	1619
562.999	1618
563.033	1624
563.068	1612
563.102	1609
563.136	1600
563.171	1611
563.205	1626
563.239	1619
563.274	1604
563.308	1615
563.342	1612
563.377	1628
563.411	1618
563.445	1620
563.48	1635
563.514	1610
563.548	1611
563.583	1611
563.617	1590
563.651	1619
563.686	1597
563.72	1611
563.754	1623
563.789	1606
563.823	1609
563.857	1628
563.892	1607
563.926	1616
563.96	1589
563.995	1614
564.029	1627
564.063	1611
564.098	1612
564.132	1613
564.166	1621
564.201	1604
564.235	1609
564.269	1605
564.304	1601
564.338	1595
564.372	1580
564.406	1597
564.441	1614
564.475	1638
564.509	1610
564.544	1619
564.578	1607
564.612	1600
564.647	1606
564.681	1600
564.715	1614
564.75	1606
564.784	1619
564.818	1618
564.852	1612
564.887	1609
564.921	1614
564.955	1607
564.99	1601
565.024	1602
565.058	1603
565.093	1636
565.127	1624
565.161	1595
565.195	1610
565.23	1621
565.264	1632
565.298	1623
565.333	1630
565.367	1631
565.401	1633
565.435	1643
565.47	1625
565.504	1642
565.538	1651
565.573	1659
565.607	1650
565.641	1644
565.675	1643
565.71	1649
565.744	1661
565.778	1664
565.813	1661
565.847	1677
565.881	1675
565.915	1683
565.95	1695
565.984	1700
566.018	1721
566.053	1718
566.087	1750
566.121	1764
566.155	1758
566.19	1787
566.224	1784
566.258	1814
566.292	1821
566.327	1843
566.361	1875
566.395	1878
566.43	1882
566.464	1873
566.498	1924
566.532	1899
566.567	1904
566.601	1912
566.635	1919
566.669	1875
566.704	1872
566.738	1870
566.772	1852
566.806	1832
566.841	1814
566.875	1832
566.909	1794
566.943	1783
566.978	1795
567.012	1765
567.046	1770
567.08	1762
567.115	1764
567.149	1775
567.183	1758
567.217	1754
567.252	1764
567.286	1780
567.32	1770
567.354	1792
567.389	1782
567.423	1791
567.457	1823
567.491	1801
567.526	1829
567.56	1830
567.594	1846
567.628	1860
567.663	1874
567.697	1893
567.731	1874
567.765	1880
567.799	1903
567.834	1874
567.868	1894
567.902	1877
567.936	1871
567.971	1896
568.005	1896
568.039	1904
568.073	1905
568.107	1900
568.142	1908
568.176	1905
568.21	1898
568.244	1907
568.279	1915
568.313	1904
568.347	1900
568.381	1908
568.415	1913
568.45	1911
568.484	1921
568.518	1927
568.552	1907
568.587	1901
568.621	1925
568.655	1914
568.689	1932
568.723	1940
568.758	1939
568.792	1938
568.826	1953
568.86	1950
568.894	1973
568.929	1979
568.963	1981
568.997	1979
569.031	2001
569.065	2035
569.1	2038
569.134	2063
569.168	2098
569.202	2114
569.236	2169
569.271	2177
569.305	2183
569.339	2206
569.373	2210
569.407	2253
569.442	2256
569.476	2250
569.51	2276
569.544	2251
569.578	2286
569.613	2252
569.647	2234
569.681	2254
569.715	2241
569.749	2242
569.783	2248
569.818	2238
569.852	2242
569.886	2258
569.92	2249
569.954	2245
569.988	2257
570.023	2212
570.057	2231
570.091	2230
570.125	2210
570.159	2203
570.194	2209
570.228	2192
570.262	2171
570.296	2151
570.33	2164
570.364	2153
570.399	2140
570.433	2134
570.467	2160
570.501	2156
570.535	2148
570.569	2136
570.604	2148
570.638	2163
570.672	2185
570.706	2179
570.74	2193
570.774	2204
570.808	2224
570.843	2223
570.877	2227
570.911	2251
570.945	2268
570.979	2257
571.013	2236
571.048	2226
571.082	2227
571.116	2187
571.15	2202
571.184	2162
571.218	2151
571.252	2137
571.287	2093
571.321	2096
571.355	2095
571.389	2057
571.423	2049
571.457	2035
571.491	2000
571.526	1966
571.56	1954
571.594	1963
571.628	1923
571.662	1934
571.696	1919
571.73	1883
571.765	1848
571.799	1865
571.833	1854
571.867	1845
571.901	1828
571.935	1808
571.969	1793
572.003	1819
572.038	1772
572.072	1781
572.106	1784
572.14	1770
572.174	1752
572.208	1761
572.242	1738
572.276	1753
572.311	1744
572.345	1723
572.379	1720
572.413	1711
572.447	1722
572.481	1710
572.515	1701
572.549	1706
572.583	1691
572.618	1684
572.652	1690
572.686	1679
572.72	1675
572.754	1675
572.788	1685
572.822	1662
572.856	1676
572.89	1680
572.925	1677
572.959	1678
572.993	1671
573.027	1663
573.061	1657
573.095	1652
573.129	1658
573.163	1673
573.197	1663
573.231	1647
573.265	1660
573.3	1664
573.334	1637
573.368	1644
573.402	1662
573.436	1642
573.47	1654
573.504	1643
573.538	1655
573.572	1638
573.606	1624
573.64	1657
573.675	1634
573.709	1634
573.743	1636
573.777	1629
573.811	1634
573.845	1639
573.879	1627
573.913	1626
573.947	1635
573.981	1642
574.015	1634
574.049	1614
574.083	1640
574.118	1625
574.152	1632
574.186	1624
574.22	1635
574.254	1622
574.288	1626
574.322	1609
574.356	1627
574.39	1628
574.424	1634
574.458	1615
574.492	1633
574.526	1623
574.56	1638
574.594	1636
574.629	1638
574.663	1618
574.697	1622
574.731	1623
574.765	1618
574.799	1626
574.833	1610
574.867	1605
574.901	1615
574.935	1644
574.969	1627
575.003	1629
575.037	1634
575.071	1613
575.105	1616
575.139	1626
575.173	1641
575.207	1621
575.241	1637
575.275	1627
575.31	1632
575.344	1632
575.378	1620
575.412	1618
575.446	1634
575.48	1622
575.514	1627
575.548	1609
575.582	1633
575.616	1613
575.65	1633
575.684	1617
575.718	1642
575.752	1637
575.786	1644
575.82	1643
575.854	1626
575.888	1624
575.922	1621
575.956	1641
575.99	1619
576.024	1643
576.058	1628
576.092	1634
576.126	1632
576.16	1634
576.194	1633
576.228	1640
576.262	1644
576.296	1632
576.33	1647
576.364	1623
576.398	1645
576.432	1653
576.466	1648
576.5	1633
576.534	1627
576.568	1642
576.602	1641
576.636	1633
576.67	1641
576.704	1644
576.738	1669
576.772	1637
576.806	1644
576.84	1648
576.874	1641
576.908	1644
576.942	1654
576.976	1634
577.01	1662
577.044	1653
577.078	1666
577.112	1656
577.146	1651
577.18	1672
577.214	1658
577.248	1655
577.282	1664
577.316	1661
577.35	1657
577.384	1668
577.418	1645
577.452	1663
577.486	1657
577.52	1670
577.554	1660
577.588	1672
577.622	1665
577.656	1669
577.69	1673
577.724	1665
577.758	1672
577.792	1682
577.826	1677
577.86	1675
577.894	1683
577.928	1699
577.962	1678
577.996	1677
578.03	1671
578.064	1680
578.098	1674
578.132	1672
578.166	1700
578.2	1677
578.234	1687
578.268	1675
578.302	1688
578.336	1689
578.37	1700
578.404	1685
578.437	1701
578.471	1703
578.505	1696
578.539	1690
578.573	1693
578.607	1707
578.641	1717
578.675	1709
578.709	1689
578.743	1706
578.777	1698
578.811	1695
578.845	1711
578.879	1694
578.913	1736
578.947	1709
578.981	1706
579.015	1708
579.049	1716
579.083	1733
579.116	1713
579.15	1707
579.184	1723
579.218	1722
579.252	1701
579.286	1732
579.32	1700
579.354	1726
579.388	1725
579.422	1714
579.456	1709
579.49	1737
579.524	1734
579.558	1722
579.592	1723
579.625	1716
579.659	1720
579.693	1713
579.727	1713
579.761	1703
579.795	1735
579.829	1737
579.863	1727
579.897	1723
579.931	1720
579.965	1719
579.999	1739
580.033	1721
580.066	1734
580.1	1718
580.134	1713
580.168	1724
580.202	1707
580.236	1746
580.27	1742
580.304	1741
580.338	1725
580.372	1743
580.406	1743
580.439	1738
580.473	1736
580.507	1734
580.541	1723
580.575	1743
580.609	1740
580.643	1739
580.677	1720
580.711	1733
580.745	1753
580.778	1728
580.812	1730
580.846	1756
580.88	1736
580.914	1741
580.948	1747
580.982	1730
581.016	1750
581.05	1748
581.083	1721
581.117	1743
581.151	1726
581.185	1734
581.219	1740
581.253	1754
581.287	1732
581.321	1743
581.355	1748
581.388	1759
581.422	1745
581.456	1749
581.49	1741
581.524	1767
581.558	1745
581.592	1750
581.626	1774
581.659	1755
581.693	1743
581.727	1741
581.761	1750
581.795	1762
581.829	1763
581.863	1751
581.896	1762
581.93	1753
581.964	1770
581.998	1749
582.032	1759
582.066	1761
582.1	1755
582.133	1763
582.167	1747
582.201	1762
582.235	1755
582.269	1777
582.303	1780
582.337	1767
582.37	1774
582.404	1771
582.438	1784
582.472	1764
582.506	1782
582.54	1758
582.574	1779
582.607	1796
582.641	1775
582.675	1787
582.709	1801
582.743	1784
582.777	1765
582.81	1788
582.844	1786
582.878	1770
582.912	1795
582.946	1788
582.98	1783
583.013	1799
583.047	1799
583.081	1771
583.115	1795
583.149	1804
583.183	1795
583.216	1774
583.25	1780
583.284	1801
583.318	1794
583.352	1792
583.386	1799
583.419	1814
583.453	1786
583.487	1803
583.521	1811
583.555	1791
583.589	1814
583.622	1799
583.656	1810
583.69	1818
583.724	1818
583.758	1829
583.791	1798
583.825	1823
583.859	1807
583.893	1807
583.927	1815
583.96	1820
583.994	1837
584.028	1822
584.062	1827
584.096	1808
584.129	1814
584.163	1822
584.197	1826
584.231	1832
584.265	1837
584.298	1847
584.332	1816
584.366	1842
584.4	1832
584.434	1841
584.467	1872
584.501	1838
584.535	1852
584.569	1832
584.603	1850
584.636	1870
584.67	1857
584.704	1850
584.738	1858
584.772	1871
584.805	1846
584.839	1836
584.873	1843
584.907	1854
584.94	1853
584.974	1854
585.008	1869
585.042	1853
585.076	1835
585.109	1876
585.143	1869
585.177	1859
585.211	1864
585.244	1876
585.278	1867
585.312	1862
585.346	1866
585.38	1859
585.413	1881
585.447	1875
585.481	1847
585.515	1881
585.548	1871
585.582	1870
585.616	1851
585.65	1883
585.683	1871
585.717	1873
585.751	1879
585.785	1863
585.818	1871
585.852	1852
585.886	1875
585.92	1892
585.953	1860
585.987	1885
586.021	1850
586.055	1876
586.088	1882
586.122	1874
586.156	1877
586.19	1868
586.223	1854
586.257	1867
586.291	1879
586.325	1874
586.358	1874
586.392	1870
586.426	1875
586.46	1868
586.493	1893
586.527	1884
586.561	1866
586.595	1865
586.628	1897
586.662	1867
586.696	1857
586.73	1872
586.763	1860
586.797	1854
586.831	1860
586.864	1861
586.898	1872
586.932	1861
586.966	1860
586.999	1858
587.033	1841
587.067	1842
587.1	1865
587.134	1851
587.168	1827
587.202	1841
587.235	1851
587.269	1834
587.303	1852
587.336	1815
587.37	1839
587.404	1850
587.438	1841
587.471	1825
587.505	1850
587.539	1848
587.572	1818
587.606	1837
587.64	1816
587.674	1842
587.707	1817
587.741	1816
587.775	1824
587.808	1821
587.842	1822
587.876	1813
587.909	1832
587.943	1805
587.977	1805
588.011	1804
588.044	1804
588.078	1826
588.112	1790
588.145	1801
588.179	1791
588.213	1797
588.246	1796
588.28	1770
588.314	1773
588.347	1790
588.381	1773
588.415	1783
588.448	1792
588.482	1773
588.516	1756
588.55	1784
588.583	1770
588.617	1758
588.651	1756
588.684	1744
588.718	1763
588.752	1740
588.785	1764
588.819	1739
588.853	1751
588.886	1749
588.92	1735
588.954	1736
588.987	1752
589.021	1711
589.055	1720
589.088	1716
589.122	1729
589.156	1705
589.189	1709
589.223	1715
589.257	1703
589.29	1701
589.324	1696
589.358	1703
589.391	1709
589.425	1715
589.458	1692
589.492	1681
589.526	1695
589.559	1664
589.593	1679
589.627	1665
589.66	1665
589.694	1678
589.728	1673
589.761	1669
589.795	1665
589.829	1671
589.862	1658
589.896	1656
589.929	1637
589.963	1639
589.997	1641
590.03	1634
590.064	1644
590.098	1623
590.131	1635
590.165	1628
590.199	1628
590.232	1628
590.266	1600
590.299	1623
590.333	1615
590.367	1608
590.4	1623
590.434	1614
590.468	1595
590.501	1605
590.535	1589
590.568	1593
590.602	1607
590.636	1588
590.669	1598
590.703	1566
590.737	1578
590.77	1596
590.804	1587
590.837	1579
590.871	1580
590.905	1558
590.938	1561
590.972	1572
591.005	1559
591.039	1547
591.073	1569
591.106	1560
591.14	1562
591.173	1562
591.207	1564
591.241	1554
591.274	1543
591.308	1549
591.341	1549
591.375	1555
591.409	1549
591.442	1544
591.476	1540
591.509	1526
591.543	1523
591.577	1518
591.61	1519
591.644	1528
591.677	1530
591.711	1533
591.745	1519
591.778	1510
591.812	1497
591.845	1544
591.879	1517
591.912	1504
591.946	1502
591.98	1506
592.013	1508
592.047	1480
592.08	1500
592.114	1496
592.147	1491
592.181	1504
592.215	1478
592.248	1487
592.282	1475
592.315	1472
592.349	1478
592.382	1484
592.416	1486
592.45	1479
592.483	1466
592.517	1476
592.55	1477
592.584	1475
592.617	1462
592.651	1477
592.685	1483
592.718	1468
592.752	1465
592.785	1449
592.819	1459
592.852	1449
592.886	1454
592.919	1457
592.953	1453
592.986	1468
593.02	1443
593.054	1425
593.087	1436
593.121	1441
593.154	1451
593.188	1431
593.221	1432
593.255	1422
593.288	1428
593.322	1424
593.355	1409
593.389	1421
593.423	1419
593.456	1418
593.49	1429
593.523	1426
593.557	1416
593.59	1418
593.624	1421
593.657	1433
593.691	1409
593.724	1414
593.758	1416
593.791	1401
593.825	1413
593.858	1398
593.892	1404
593.925	1395
593.959	1392
593.992	1389
594.026	1384
594.06	1407
594.093	1398
594.127	1395
594.16	1397
594.194	1396
594.227	1381
594.261	1385
594.294	1388
594.328	1383
594.361	1384
594.395	1381
594.428	1390
594.462	1366
594.495	1375
594.529	1364
594.562	1369
594.596	1373
594.629	1359
594.663	1354
594.696	1354
594.73	1346
594.763	1341
594.797	1362
594.83	1358
594.864	1363
594.897	1360
594.931	1360
594.964	1348
594.998	1351
595.031	1340
595.065	1342
595.098	1340
595.132	1344
595.165	1338
595.199	1343
595.232	1342
595.265	1337
595.299	1348
595.332	1343
595.366	1333
595.399	1337
595.433	1336
595.466	1328
595.5	1316
595.533	1330
595.567	1330
595.6	1328
595.634	1329
595.667	1315
595.701	1319
595.734	1330
595.768	1314
595.801	1319
595.835	1332
595.868	1316
595.901	1307
595.935	1312
595.968	1320
596.002	1305
596.035	1305
596.069	1315
596.102	1304
596.136	1305
596.169	1309
596.203	1297
596.236	1299
596.269	1318
596.303	1309
596.336	1316
596.37	1316
596.403	1319
596.437	1303
596.47	1307
596.504	1305
596.537	1314
596.57	1306
596.604	1303
596.637	1301
596.671	1304
596.704	1303
596.738	1299
596.771	1302
596.805	1307
596.838	1298
596.871	1296
596.905	1301
596.938	1300
596.972	1297
597.005	1295
597.039	1303
597.072	1301
597.105	1292
597.139	1306
597.172	1295
597.206	1300
