562.518	1562
562.552	1547
562.587	1545
562.621	1553
562.655	1546
562.69	1553
562.724	1548
562.758	1558
562.793	1550
562.827	1542
562.862	1554
562.896	1535
562.93	1554
562.965	1543
562.999	1537
563.033	1549
563.068	1557
563.102	1552
563.136	1542
563.171	1553
563.205	1540
563.239	1539
563.274	1546
563.308	1538
563.342	1551
563.377	1531
563.411	1542
563.445	1550
563.48	1555
563.514	1557
563.548	1537
563.583	1550
563.617	1547
563.651	1546
563.686	1563
563.72	1534
563.754	1532
563.789	1544
563.823	1552
563.857	1540
563.892	1540
563.926	1543
563.96	1546
563.995	1529
564.029	1524
564.063	1540
564.098	1541
564.132	1532
564.166	1533
564.201	1546
564.235	1528
564.269	1525
564.304	1536
564.338	1532
564.372	1541
564.406	1531
564.441	1536
564.475	1530
564.509	1521
564.544	1533
564.578	1528
564.612	1525
564.647	1530
564.681	1551
564.715	1525
564.75	1515
564.784	1510
564.818	1523
564.852	1544
564.887	1526
564.921	1535
564.955	1531
564.99	1539
565.024	1535
565.058	1541
565.093	1532
565.127	1563
565.161	1560
565.195	1548
565.23	1541
565.264	1542
565.298	1547
565.333	1542
565.367	1537
565.401	1554
565.435	1545
565.47	1548
565.504	1547
565.538	1565
565.573	1549
565.607	1549
565.641	1573
565.675	1555
565.71	1558
565.744	1556
565.778	1559
565.813	1545
565.847	1580
565.881	1567
565.915	1563
565.95	1572
565.984	1596
566.018	1611
566.053	1597
566.087	1603
566.121	1603
566.155	1619
566.19	1621
566.224	1644
566.258	1658
566.292	1666
566.327	1664
566.361	1668
566.395	1678
566.43	1673
566.464	1691
566.498	1693
566.532	1689
566.567	1712
566.601	1686
566.635	1691
566.669	1684
566.704	1697
566.738	1685
566.772	1682
566.806	1678
566.841	1674
566.875	1667
566.909	1689
566.943	1660
566.978	1678
567.012	1673
567.046	1643
567.08	1667
567.115	1643
567.149	1641
567.183	1660
567.217	1662
567.252	1684
567.286	1691
567.32	1686
567.354	1701
567.389	1685
567.423	1716
567.457	1707
567.491	1731
567.526	1730
567.56	1731
567.594	1755
567.628	1764
567.663	1787
567.697	1802
567.731	1798
567.765	1808
567.799	1820
567.834	1821
567.868	1811
567.902	1797
567.936	1824
567.971	1825
568.005	1826
568.039	1797
568.073	1832
568.107	1819
568.142	1840
568.176	1822
568.21	1825
568.244	1821
568.279	1841
568.313	1823
568.347	1818
568.381	1829
568.415	1826
568.45	1833
568.484	1817
568.518	1827
568.552	1836
568.587	1843
568.621	1832
568.655	1813
568.689	1830
568.723	1834
568.758	1828
568.792	1835
568.826	1832
568.86	1868
568.894	1871
568.929	1874
568.963	1880
568.997	1871
569.031	1905
569.065	1913
569.1	1938
569.134	1958
569.168	1976
569.202	1999
569.236	2032
569.271	2043
569.305	2099
569.339	2102
569.373	2139
569.407	2113
569.442	2138
569.476	2153
569.51	2141
569.544	2143
569.578	2115
569.613	2142
569.647	2119
569.681	2116
569.715	2120
569.749	2095
569.783	2091
569.818	2096
569.852	2070
569.886	2087
569.92	2058
569.954	2075
569.988	2045
570.023	2025
570.057	2055
570.091	2030
570.125	2020
570.159	2015
570.194	2004
570.228	2018
570.262	2006
570.296	2001
570.33	1996
570.364	1978
570.399	1990
570.433	1979
570.467	1987
570.501	1988
570.535	1992
570.569	1990
570.604	2004
570.638	2038
570.672	2035
570.706	2059
570.74	2055
570.774	2066
570.808	2052
570.843	2085
570.877	2115
570.911	2114
570.945	2104
570.979	2126
571.013	2100
571.048	2119
571.082	2089
571.116	2096
571.15	2075
571.184	2059
571.218	2031
571.252	2014
571.287	1990
571.321	1972
571.355	1943
571.389	1915
571.423	1900
571.457	1890
571.491	1872
571.526	1856
571.56	1815
571.594	1828
571.628	1797
571.662	1786
571.696	1752
571.73	1745
571.765	1733
571.799	1738
571.833	1716
571.867	1720
571.901	1710
571.935	1701
571.969	1694
572.003	1690
572.038	1673
572.072	1653
572.106	1659
572.14	1658
572.174	1647
572.208	1657
572.242	1646
572.276	1641
572.311	1607
572.345	1629
572.379	1605
572.413	1610
572.447	1635
572.481	1601
572.515	1612
572.549	1603
572.583	1608
572.618	1595
572.652	1603
572.686	1585
572.72	1591
572.754	1595
572.788	1589
572.822	1579
572.856	1589
572.89	1597
572.925	1563
572.959	1594
572.993	1580
573.027	1587
573.061	1581
573.095	1571
573.129	1555
573.163	1547
573.197	1568
573.231	1553
573.265	1570
573.3	1577
573.334	1557
573.368	1561
573.402	1548
573.436	1565
573.47	1568
573.504	1555
573.538	1554
573.572	1566
573.606	1564
573.64	1558
573.675	1550
573.709	1554
573.743	1540
573.777	1551
573.811	1568
573.845	1550
573.879	1541
573.913	1549
573.947	1542
573.981	1555
574.015	1532
574.049	1556
574.083	1557
574.118	1565
574.152	1553
574.186	1534
574.22	1539
574.254	1545
574.288	1559
574.322	1555
574.356	1532
574.39	1545
574.424	1560
574.458	1555
574.492	1549
574.526	1544
574.56	1537
574.594	1533
574.629	1534
574.663	1538
574.697	1535
574.731	1544
574.765	1551
574.799	1541
574.833	1536
574.867	1546
574.901	1538
574.935	1537
574.969	1538
575.003	1546
575.037	1536
575.071	1551
575.105	1559
575.139	1545
575.173	1555
575.207	1519
575.241	1548
575.275	1537
575.31	1538
575.344	1540
575.378	1556
575.412	1548
575.446	1543
575.48	1541
575.514	1558
575.548	1552
575.582	1534
575.616	1532
575.65	1546
575.684	1544
575.718	1541
575.752	1554
575.786	1565
575.82	1552
575.854	1548
575.888	1547
575.922	1532
575.956	1550
575.99	1550
576.024	1547
576.058	1553
576.092	1555
576.126	1553
576.16	1558
576.194	1556
576.228	1554
576.262	1564
576.296	1553
576.33	1552
576.364	1562
576.398	1555
576.432	1554
576.466	1543
576.5	1562
576.534	1572
576.568	1555
576.602	1548
576.636	1572
576.67	1565
576.704	1562
576.738	1561
576.772	1552
576.806	1561
576.84	1568
576.874	1587
576.908	1576
576.942	1569
576.976	1554
577.01	1590
577.044	1570
577.078	1585
577.112	1571
577.146	1563
577.18	1585
577.214	1581
577.248	1577
577.282	1585
577.316	1567
577.35	1585
577.384	1609
577.418	1587
577.452	1578
577.486	1592
577.52	1586
577.554	1595
577.588	1584
577.622	1587
577.656	1591
577.69	1587
577.724	1592
577.758	1597
577.792	1605
577.826	1605
577.86	1587
577.894	1583
577.928	1583
577.962	1609
577.996	1589
578.03	1585
578.064	1602
578.098	1607
578.132	1603
578.166	1621
578.2	1606
578.234	1585
578.268	1609
578.302	1593
578.336	1616
578.37	1612
578.404	1613
578.437	1611
578.471	1606
578.505	1599
578.539	1605
578.573	1612
578.607	1613
578.641	1619
578.675	1625
578.709	1610
578.743	1612
578.777	1618
578.811	1617
578.845	1624
578.879	1617
578.913	1624
578.947	1618
578.981	1616
579.015	1611
579.049	1621
579.083	1605
579.116	1631
579.15	1624
579.184	1612
579.218	1613
579.252	1629
579.286	1617
579.32	1629
579.354	1616
579.388	1622
579.422	1602
579.456	1620
579.49	1618
579.524	1638
579.558	1625
579.592	1622
579.625	1636
579.659	1630
579.693	1625
579.727	1624
579.761	1629
579.795	1624
579.829	1631
579.863	1621
579.897	1635
579.931	1643
579.965	1637
579.999	1635
580.033	1641
580.066	1634
580.1	1640
580.134	1641
580.168	1634
580.202	1630
580.236	1655
580.27	1651
580.304	1633
580.338	1645
580.372	1641
580.406	1628
580.439	1634
580.473	1646
580.507	1633
580.541	1640
580.575	1642
580.609	1650
580.643	1629
580.677	1651
580.711	1653
580.745	1655
580.778	1646
580.812	1634
580.846	1635
580.88	1650
580.914	1643
580.948	1639
580.982	1652
581.016	1656
581.05	1653
581.083	1644
581.117	1643
581.151	1651
581.185	1638
581.219	1658
581.253	1655
581.287	1631
581.321	1632
581.355	1647
581.388	1648
581.422	1646
581.456	1649
581.49	1657
581.524	1655
581.558	1654
581.592	1656
581.626	1652
581.659	1666
581.693	1647
581.727	1658
581.761	1653
581.795	1656
581.829	1652
581.863	1658
581.896	1644
581.93	1633
581.964	1655
581.998	1664
582.032	1658
582.066	1655
582.1	1656
582.133	1664
582.167	1676
582.201	1677
582.235	1648
582.269	1654
582.303	1658
582.337	1657
582.37	1662
582.404	1652
582.438	1678
582.472	1659
582.506	1667
582.54	1664
582.574	1652
582.607	1662
582.641	1663
582.675	1673
582.709	1678
582.743	1651
582.777	1679
582.81	1688
582.844	1658
582.878	1675
582.912	1667
582.946	1686
582.98	1695
583.013	1658
583.047	1671
583.081	1671
583.115	1694
583.149	1678
583.183	1683
583.216	1684
583.25	1679
583.284	1682
583.318	1678
583.352	1676
583.386	1676
583.419	1678
583.453	1677
583.487	1690
583.521	1684
583.555	1690
583.589	1711
583.622	1684
583.656	1700
583.69	1700
583.724	1693
583.758	1703
583.791	1692
583.825	1704
583.859	1700
583.893	1685
583.927	1710
583.96	1721
583.994	1698
584.028	1708
584.062	1698
584.096	1715
584.129	1706
584.163	1720
584.197	1727
584.231	1707
584.265	1699
584.298	1701
584.332	1717
584.366	1717
584.4	1728
584.434	1712
584.467	1728
584.501	1738
584.535	1710
584.569	1708
584.603	1733
584.636	1716
584.67	1739
584.704	1738
584.738	1735
584.772	1722
584.805	1731
584.839	1730
584.873	1739
584.907	1722
584.94	1725
584.974	1735
585.008	1726
585.042	1738
585.076	1725
585.109	1733
585.143	1745
585.177	1724
585.211	1735
585.244	1731
585.278	1754
585.312	1747
585.346	1738
585.38	1735
585.413	1734
585.447	1749
585.481	1751
585.515	1734
585.548	1735
585.582	1738
585.616	1752
585.65	1744
585.683	1729
585.717	1752
585.751	1720
585.785	1732
585.818	1742
585.852	1737
585.886	1757
585.92	1762
585.953	1749
585.987	1746
586.021	1749
586.055	1746
586.088	1741
586.122	1745
586.156	1734
586.19	1758
586.223	1733
586.257	1748
586.291	1760
586.325	1736
586.358	1745
586.392	1752
586.426	1739
586.46	1748
586.493	1761
586.527	1748
586.561	1724
586.595	1747
586.628	1732
586.662	1765
586.696	1742
586.73	1752
586.763	1753
586.797	1732
586.831	1742
586.864	1720
586.898	1765
586.932	1743
586.966	1723
586.999	1721
587.033	1735
587.067	1737
587.1	1723
587.134	1725
587.168	1736
587.202	1736
587.235	1738
587.269	1709
587.303	1706
587.336	1717
587.37	1721
587.404	1738
587.438	1727
587.471	1746
587.505	1714
587.539	1709
587.572	1720
587.606	1730
587.64	1714
587.674	1714
587.707	1705
587.741	1712
587.775	1671
587.808	1689
587.842	1694
587.876	1698
587.909	1712
587.943	1701
587.977	1707
588.011	1707
588.044	1683
588.078	1676
588.112	1704
588.145	1686
588.179	1682
588.213	1683
588.246	1684
588.28	1681
588.314	1683
588.347	1691
588.381	1653
588.415	1654
588.448	1658
588.482	1643
588.516	1662
588.55	1643
588.583	1636
588.617	1659
588.651	1658
588.684	1666
588.718	1640
588.752	1625
588.785	1644
588.819	1648
588.853	1624
588.886	1616
588.92	1627
588.954	1632
588.987	1628
589.021	1631
589.055	1643
589.088	1615
589.122	1617
589.156	1608
589.189	1622
589.223	1618
589.257	1635
589.29	1617
589.324	1622
589.358	1602
589.391	1615
589.425	1591
589.458	1610
589.492	1594
589.526	1590
589.559	1609
589.593	1595
589.627	1591
589.66	1592
589.694	1579
589.728	1583
589.761	1581
589.795	1565
589.829	1584
589.862	1569
589.896	1576
589.929	1561
589.963	1563
589.997	1559
590.03	1560
590.064	1566
590.098	1559
590.131	1564
590.165	1559
590.199	1557
590.232	1549
590.266	1564
590.299	1541
590.333	1543
590.367	1539
590.4	1543
590.434	1537
590.468	1532
590.501	1524
590.535	1524
590.568	1534
590.602	1519
590.636	1535
590.669	1525
590.703	1527
590.737	1507
590.77	1522
590.804	1523
590.837	1525
590.871	1520
590.905	1502
590.938	1510
590.972	1493
591.005	1508
591.039	1499
591.073	1493
591.106	1484
591.14	1484
591.173	1500
591.207	1489
591.241	1485
591.274	1478
591.308	1483
591.341	1490
591.375	1475
591.409	1484
591.442	1483
591.476	1480
591.509	1480
591.543	1473
591.577	1472
591.61	1470
591.644	1460
591.677	1481
591.711	1478
591.745	1462
591.778	1452
591.812	1457
591.845	1459
591.879	1452
591.912	1463
591.946	1444
591.98	1448
592.013	1458
592.047	1452
592.08	1453
592.114	1454
592.147	1442
592.181	1454
592.215	1436
592.248	1442
592.282	1439
592.315	1438
592.349	1443
592.382	1430
592.416	1418
592.45	1439
592.483	1439
592.517	1412
592.55	1422
592.584	1423
592.617	1406
592.651	1424
592.685	1419
592.718	1408
592.752	1403
592.785	1422
592.819	1414
592.852	1424
592.886	1405
592.919	1421
592.953	1426
592.986	1407
593.02	1430
593.054	1401
593.087	1403
593.121	1404
593.154	1405
593.188	1400
593.221	1408
593.255	1401
593.288	1377
593.322	1403
593.355	1398
593.389	1392
593.423	1379
593.456	1394
593.49	1385
593.523	1388
593.557	1388
593.59	1389
593.624	1374
593.657	1383
593.691	1385
593.724	1372
593.758	1363
593.791	1367
593.825	1379
593.858	1372
593.892	1366
593.925	1368
593.959	1365
593.992	1380
594.026	1371
594.06	1371
594.093	1354
594.127	1365
594.16	1359
594.194	1362
594.227	1357
594.261	1370
594.294	1364
594.328	1349
594.361	1350
594.395	1355
594.428	1348
594.462	1353
594.495	1354
594.529	1340
594.562	1343
594.596	1351
594.629	1350
594.663	1334
594.696	1328
594.73	1340
594.763	1340
594.797	1343
594.83	1339
594.864	1333
594.897	1329
594.931	1331
594.964	1321
594.998	1327
595.031	1325
595.065	1334
595.098	1329
595.132	1336
595.165	1315
595.199	1308
595.232	1317
595.265	1323
595.299	1326
595.332	1313
595.366	1333
595.399	1322
595.433	1316
595.466	1315
595.5	1314
595.533	1313
595.567	1313
595.6	1300
595.634	1292
595.667	1314
595.701	1303
595.734	1311
595.768	1293
595.801	1311
595.835	1305
595.868	1306
595.901	1300
595.935	1309
595.968	1307
596.002	1301
596.035	1307
596.069	1307
596.102	1299
596.136	1298
596.169	1311
596.203	1306
596.236	1296
596.269	1300
596.303	1290
596.336	1294
596.37	1304
596.403	1298
596.437	1301
596.47	1298
596.504	1300
596.537	1296
596.57	1299
596.604	1287
596.637	1292
596.671	1296
596.704	1295
596.738	1303
596.771	1297
596.805	1289
596.838	1293
596.871	1295
596.905	1297
596.938	1286
596.972	1288
597.005	1302
597.039	1302
597.072	1289
597.105	1295
597.139	1290
597.172	1287
597.206	1285
