562.518	1464
562.552	1425
562.587	1433
562.621	1456
562.655	1422
562.69	1437
562.724	1456
562.758	1454
562.793	1439
562.827	1438
562.862	1457
562.896	1452
562.93	1437
562.965	1438
562.999	1446
563.033	1435
563.068	1443
563.102	1440
563.136	1431
563.171	1441
563.205	1439
563.239	1439
563.274	1432
563.308	1436
563.342	1431
563.377	1446
563.411	1431
563.445	1422
563.48	1435
563.514	1437
563.548	1426
563.583	1430
563.617	1436
563.651	1416
563.686	1438
563.72	1432
563.754	1430
563.789	1440
563.823	1429
563.857	1424
563.892	1427
563.926	1437
563.96	1409
563.995	1426
564.029	1415
564.063	1429
564.098	1424
564.132	1423
564.166	1412
564.201	1433
564.235	1421
564.269	1420
564.304	1432
564.338	1424
564.372	1426
564.406	1429
564.441	1411
564.475	1431
564.509	1426
564.544	1423
564.578	1429
564.612	1419
564.647	1417
564.681	1418
564.715	1420
564.75	1415
564.784	1413
564.818	1428
564.852	1405
564.887	1413
564.921	1437
564.955	1426
564.99	1424
565.024	1424
565.058	1409
565.093	1441
565.127	1429
565.161	1438
565.195	1429
565.23	1425
565.264	1432
565.298	1429
565.333	1433
565.367	1427
565.401	1439
565.435	1444
565.47	1423
565.504	1436
565.538	1468
565.573	1429
565.607	1445
565.641	1453
565.675	1446
565.71	1448
565.744	1454
565.778	1443
565.813	1447
565.847	1474
565.881	1450
565.915	1451
565.95	1453
565.984	1454
566.018	1478
566.053	1480
566.087	1477
566.121	1489
566.155	1481
566.19	1487
566.224	1497
566.258	1500
566.292	1495
566.327	1524
566.361	1537
566.395	1515
566.43	1527
566.464	1512
566.498	1529
566.532	1533
566.567	1540
566.601	1529
566.635	1534
566.669	1537
566.704	1541
566.738	1540
566.772	1539
566.806	1528
566.841	1529
566.875	1532
566.909	1535
566.943	1542
566.978	1543
567.012	1526
567.046	1539
567.08	1546
567.115	1538
567.149	1558
567.183	1551
567.217	1560
567.252	1552
567.286	1586
567.32	1581
567.354	1587
567.389	1589
567.423	1604
567.457	1617
567.491	1632
567.526	1647
567.56	1683
567.594	1670
567.628	1695
567.663	1717
567.697	1723
567.731	1720
567.765	1743
567.799	1733
567.834	1748
567.868	1752
567.902	1755
567.936	1759
567.971	1769
568.005	1757
568.039	1776
568.073	1767
568.107	1776
568.142	1761
568.176	1762
568.21	1772
568.244	1762
568.279	1758
568.313	1785
568.347	1760
568.381	1764
568.415	1741
568.45	1782
568.484	1758
568.518	1770
568.552	1757
568.587	1789
568.621	1746
568.655	1760
568.689	1770
568.723	1763
568.758	1769
568.792	1754
568.826	1794
568.86	1775
568.894	1784
568.929	1775
568.963	1799
568.997	1804
569.031	1835
569.065	1844
569.1	1873
569.134	1895
569.168	1919
569.202	1943
569.236	1967
569.271	1999
569.305	2022
569.339	2054
569.373	2074
569.407	2087
569.442	2110
569.476	2108
569.51	2147
569.544	2115
569.578	2122
569.613	2102
569.647	2094
569.681	2082
569.715	2065
569.749	2022
569.783	2039
569.818	2019
569.852	2020
569.886	2008
569.92	2021
569.954	1982
569.988	1970
570.023	1953
570.057	1933
570.091	1969
570.125	1945
570.159	1948
570.194	1935
570.228	1928
570.262	1906
570.296	1905
570.33	1903
570.364	1921
570.399	1883
570.433	1901
570.467	1888
570.501	1891
570.535	1922
570.569	1947
570.604	1936
570.638	1969
570.672	1982
570.706	1984
570.74	1999
570.774	2031
570.808	2060
570.843	2062
570.877	2083
570.911	2103
570.945	2098
570.979	2118
571.013	2073
571.048	2108
571.082	2082
571.116	2061
571.15	2055
571.184	2027
571.218	1987
571.252	1983
571.287	1938
571.321	1923
571.355	1892
571.389	1855
571.423	1848
571.457	1784
571.491	1787
571.526	1757
571.56	1737
571.594	1727
571.628	1693
571.662	1691
571.696	1660
571.73	1646
571.765	1647
571.799	1632
571.833	1624
571.867	1625
571.901	1601
571.935	1592
571.969	1577
572.003	1564
572.038	1577
572.072	1558
572.106	1546
572.14	1558
572.174	1540
572.208	1533
572.242	1518
572.276	1527
572.311	1536
572.345	1516
572.379	1498
572.413	1510
572.447	1507
572.481	1506
572.515	1496
572.549	1481
572.583	1508
572.618	1491
572.652	1490
572.686	1491
572.72	1494
572.754	1498
572.788	1487
572.822	1470
572.856	1481
572.89	1479
572.925	1477
572.959	1479
572.993	1455
573.027	1470
573.061	1463
573.095	1465
573.129	1458
573.163	1470
573.197	1469
573.231	1473
573.265	1471
573.3	1468
573.334	1456
573.368	1462
573.402	1456
573.436	1457
573.47	1452
573.504	1463
573.538	1456
573.572	1453
573.606	1454
573.64	1445
573.675	1440
573.709	1451
573.743	1447
573.777	1447
573.811	1442
573.845	1438
573.879	1445
573.913	1430
573.947	1428
573.981	1440
574.015	1444
574.049	1442
574.083	1461
574.118	1443
574.152	1465
574.186	1438
574.22	1441
574.254	1447
574.288	1450
574.322	1447
574.356	1442
574.39	1442
574.424	1434
574.458	1438
574.492	1433
574.526	1432
574.56	1444
574.594	1452
574.629	1441
574.663	1437
574.697	1434
574.731	1430
574.765	1428
574.799	1440
574.833	1430
574.867	1433
574.901	1433
574.935	1456
574.969	1450
575.003	1451
575.037	1437
575.071	1431
575.105	1438
575.139	1434
575.173	1434
575.207	1425
575.241	1440
575.275	1449
575.31	1434
575.344	1446
575.378	1441
575.412	1434
575.446	1442
575.48	1438
575.514	1445
575.548	1452
575.582	1438
575.616	1440
575.65	1454
575.684	1437
575.718	1440
575.752	1442
575.786	1449
575.82	1454
575.854	1462
575.888	1456
575.922	1448
575.956	1454
575.99	1450
576.024	1463
576.058	1456
576.092	1458
576.126	1443
576.16	1458
576.194	1461
576.228	1458
576.262	1463
576.296	1468
576.33	1450
576.364	1446
576.398	1467
576.432	1449
576.466	1474
576.5	1480
576.534	1474
576.568	1471
576.602	1460
576.636	1458
576.67	1461
576.704	1467
576.738	1462
576.772	1464
576.806	1458
576.84	1468
576.874	1483
576.908	1486
576.942	1471
576.976	1490
577.01	1463
577.044	1468
577.078	1476
577.112	1487
577.146	1483
577.18	1484
577.214	1487
577.248	1490
577.282	1469
577.316	1463
577.35	1469
577.384	1490
577.418	1486
577.452	1483
577.486	1486
577.52	1486
577.554	1475
577.588	1491
577.622	1495
577.656	1503
577.69	1503
577.724	1486
577.758	1498
577.792	1504
577.826	1497
577.86	1512
577.894	1496
577.928	1498
577.962	1490
577.996	1509
578.03	1506
578.064	1509
578.098	1503
578.132	1520
578.166	1501
578.2	1510
578.234	1501
578.268	1523
578.302	1519
578.336	1509
578.37	1502
578.404	1509
578.437	1522
578.471	1526
578.505	1519
578.539	1520
578.573	1511
578.607	1510
578.641	1537
578.675	1519
578.709	1529
578.743	1522
578.777	1532
578.811	1546
578.845	1532
578.879	1524
578.913	1514
578.947	1537
578.981	1524
579.015	1525
579.049	1537
579.083	1532
579.116	1536
579.15	1528
579.184	1539
579.218	1548
579.252	1542
579.286	1537
579.32	1542
579.354	1542
579.388	1541
579.422	1550
579.456	1531
579.49	1541
579.524	1555
579.558	1558
579.592	1524
579.625	1546
579.659	1558
579.693	1534
579.727	1537
579.761	1562
579.795	1533
579.829	1540
579.863	1536
579.897	1551
579.931	1547
579.965	1545
579.999	1555
580.033	1560
580.066	1569
580.1	1561
580.134	1549
580.168	1550
580.202	1560
580.236	1563
580.27	1553
580.304	1546
580.338	1561
580.372	1553
580.406	1549
580.439	1571
580.473	1560
580.507	1569
580.541	1570
580.575	1559
580.609	1555
580.643	1569
580.677	1587
580.711	1551
580.745	1544
580.778	1560
580.812	1550
580.846	1568
580.88	1542
580.914	1558
580.948	1557
580.982	1565
581.016	1577
581.05	1561
581.083	1578
581.117	1554
581.151	1576
581.185	1564
581.219	1561
581.253	1577
581.287	1547
581.321	1575
581.355	1578
581.388	1589
581.422	1561
581.456	1566
581.49	1554
581.524	1558
581.558	1580
581.592	1576
581.626	1575
581.659	1566
581.693	1560
581.727	1560
581.761	1585
581.795	1564
581.829	1564
581.863	1563
581.896	1577
581.93	1563
581.964	1558
581.998	1589
582.032	1568
582.066	1584
582.1	1564
582.133	1576
582.167	1583
582.201	1577
582.235	1596
582.269	1586
582.303	1604
582.337	1588
582.37	1586
582.404	1574
582.438	1569
582.472	1608
582.506	1598
582.54	1603
582.574	1590
582.607	1583
582.641	1586
582.675	1574
582.709	1597
582.743	1600
582.777	1597
582.81	1593
582.844	1599
582.878	1592
582.912	1605
582.946	1607
582.98	1611
583.013	1602
583.047	1606
583.081	1597
583.115	1593
583.149	1608
583.183	1606
583.216	1623
583.25	1614
583.284	1598
583.318	1601
583.352	1606
583.386	1602
583.419	1617
583.453	1597
583.487	1601
583.521	1613
583.555	1609
583.589	1606
583.622	1625
583.656	1638
583.69	1630
583.724	1620
583.758	1615
583.791	1632
583.825	1634
583.859	1636
583.893	1640
583.927	1620
583.96	1632
583.994	1634
584.028	1616
584.062	1641
584.096	1635
584.129	1637
584.163	1635
584.197	1647
584.231	1635
584.265	1646
584.298	1636
584.332	1652
584.366	1664
584.4	1653
584.434	1651
584.467	1655
584.501	1642
584.535	1648
584.569	1661
584.603	1656
584.636	1645
584.67	1640
584.704	1651
584.738	1654
584.772	1657
584.805	1661
584.839	1661
584.873	1665
584.907	1643
584.94	1661
584.974	1665
585.008	1663
585.042	1662
585.076	1671
585.109	1680
585.143	1684
585.177	1682
585.211	1679
585.244	1668
585.278	1674
585.312	1697
585.346	1678
585.38	1670
585.413	1668
585.447	1675
585.481	1671
585.515	1659
585.548	1685
585.582	1683
585.616	1687
585.65	1671
585.683	1667
585.717	1686
585.751	1673
585.785	1687
585.818	1680
585.852	1676
585.886	1675
585.92	1672
585.953	1697
585.987	1684
586.021	1686
586.055	1688
586.088	1687
586.122	1686
586.156	1691
586.19	1672
586.223	1677
586.257	1679
586.291	1694
586.325	1669
586.358	1674
586.392	1665
586.426	1684
586.46	1685
586.493	1678
586.527	1678
586.561	1685
586.595	1674
586.628	1674
586.662	1685
586.696	1682
586.73	1672
586.763	1663
586.797	1665
586.831	1666
586.864	1662
586.898	1667
586.932	1676
586.966	1669
586.999	1667
587.033	1670
587.067	1662
587.1	1677
587.134	1662
587.168	1657
587.202	1683
587.235	1656
587.269	1646
587.303	1649
587.336	1662
587.37	1672
587.404	1665
587.438	1656
587.471	1671
587.505	1651
587.539	1660
587.572	1661
587.606	1636
587.64	1660
587.674	1642
587.707	1636
587.741	1651
587.775	1631
587.808	1648
587.842	1633
587.876	1646
587.909	1631
587.943	1643
587.977	1623
588.011	1631
588.044	1632
588.078	1637
588.112	1643
588.145	1606
588.179	1614
588.213	1635
588.246	1617
588.28	1619
588.314	1607
588.347	1618
588.381	1589
588.415	1610
588.448	1602
588.482	1595
588.516	1587
588.55	1608
588.583	1589
588.617	1600
588.651	1597
588.684	1590
588.718	1598
588.752	1591
588.785	1572
588.819	1585
588.853	1558
588.886	1560
588.92	1574
588.954	1572
588.987	1567
589.021	1577
589.055	1561
589.088	1558
589.122	1556
589.156	1561
589.189	1552
589.223	1554
589.257	1557
589.29	1547
589.324	1563
589.358	1555
589.391	1521
589.425	1540
589.458	1533
589.492	1522
589.526	1555
589.559	1529
589.593	1522
589.627	1532
589.66	1531
589.694	1530
589.728	1517
589.761	1512
589.795	1525
589.829	1515
589.862	1516
589.896	1500
589.929	1501
589.963	1525
589.997	1503
590.03	1491
590.064	1493
590.098	1494
590.131	1483
590.165	1497
590.199	1500
590.232	1499
590.266	1466
590.299	1483
590.333	1470
590.367	1488
590.4	1471
590.434	1466
590.468	1470
590.501	1458
590.535	1457
590.568	1469
590.602	1465
590.636	1456
590.669	1451
590.703	1447
590.737	1454
590.77	1467
590.804	1445
590.837	1439
590.871	1437
590.905	1438
590.938	1450
590.972	1451
591.005	1450
591.039	1432
591.073	1433
591.106	1432
591.14	1445
591.173	1430
591.207	1423
591.241	1417
591.274	1425
591.308	1419
591.341	1435
591.375	1427
591.409	1422
591.442	1405
591.476	1412
591.509	1417
591.543	1411
591.577	1413
591.61	1414
591.644	1405
591.677	1401
591.711	1413
591.745	1410
591.778	1401
591.812	1401
591.845	1392
591.879	1395
591.912	1384
591.946	1379
591.98	1402
592.013	1390
592.047	1373
592.08	1390
592.114	1371
592.147	1391
592.181	1391
592.215	1379
592.248	1384
592.282	1386
592.315	1365
592.349	1382
592.382	1371
592.416	1371
592.45	1365
592.483	1377
592.517	1367
592.55	1370
592.584	1368
592.617	1362
592.651	1359
592.685	1365
592.718	1374
592.752	1363
592.785	1361
592.819	1364
592.852	1348
592.886	1342
592.919	1353
592.953	1354
592.986	1357
593.02	1361
593.054	1346
593.087	1344
593.121	1347
593.154	1345
593.188	1334
593.221	1347
593.255	1345
593.288	1335
593.322	1331
593.355	1335
593.389	1334
593.423	1324
593.456	1339
593.49	1324
593.523	1321
593.557	1333
593.59	1325
593.624	1336
593.657	1322
593.691	1327
593.724	1321
593.758	1317
593.791	1320
593.825	1314
593.858	1312
593.892	1309
593.925	1318
593.959	1311
593.992	1305
594.026	1314
594.06	1302
594.093	1314
594.127	1303
594.16	1304
594.194	1293
594.227	1300
594.261	1289
594.294	1304
594.328	1292
594.361	1285
594.395	1296
594.428	1294
594.462	1304
594.495	1288
594.529	1286
594.562	1278
594.596	1283
594.629	1285
594.663	1289
594.696	1278
594.73	1275
594.763	1276
594.797	1278
594.83	1274
594.864	1273
594.897	1284
594.931	1276
594.964	1269
594.998	1267
595.031	1261
595.065	1275
595.098	1259
595.132	1264
595.165	1267
595.199	1268
595.232	1257
595.265	1262
595.299	1266
595.332	1259
595.366	1257
595.399	1253
595.433	1258
595.466	1261
595.5	1252
595.533	1253
595.567	1260
595.6	1247
595.634	1247
595.667	1243
595.701	1247
595.734	1247
595.768	1243
595.801	1245
595.835	1232
595.868	1248
595.901	1251
595.935	1236
595.968	1236
596.002	1245
596.035	1253
596.069	1235
596.102	1238
596.136	1246
596.169	1248
596.203	1241
596.236	1241
596.269	1237
596.303	1244
596.336	1240
596.37	1254
596.403	1234
596.437	1247
596.47	1246
596.504	1243
596.537	1239
596.57	1235
596.604	1233
596.637	1238
596.671	1234
596.704	1237
596.738	1235
596.771	1237
596.805	1232
596.838	1226
596.871	1227
596.905	1240
596.938	1228
596.972	1225
597.005	1239
597.039	1236
597.072	1237
597.105	1229
597.139	1237
597.172	1236
597.206	1233
