562.518	1644
562.552	1626
562.587	1649
562.621	1641
562.655	1637
562.69	1641
562.724	1633
562.758	1647
562.793	1651
562.827	1633
562.862	1647
562.896	1633
562.93	1653
562.965	1650
562.999	1646
563.033	1636
563.068	1631
563.102	1620
563.136	1646
563.171	1639
563.205	1621
563.239	1616
563.274	1617
563.308	1632
563.342	1639
563.377	1627
563.411	1642
563.445	1650
563.48	1641
563.514	1635
563.548	1635
563.583	1639
563.617	1635
563.651	1626
563.686	1641
563.72	1623
563.754	1619
563.789	1634
563.823	1638
563.857	1639
563.892	1632
563.926	1647
563.96	1624
563.995	1600
564.029	1632
564.063	1619
564.098	1627
564.132	1637
564.166	1632
564.201	1626
564.235	1617
564.269	1620
564.304	1609
564.338	1621
564.372	1636
564.406	1616
564.441	1621
564.475	1626
564.509	1616
564.544	1629
564.578	1627
564.612	1609
564.647	1614
564.681	1605
564.715	1621
564.75	1637
564.784	1628
564.818	1623
564.852	1615
564.887	1642
564.921	1626
564.955	1621
564.99	1620
565.024	1627
565.058	1622
565.093	1627
565.127	1610
565.161	1633
565.195	1625
565.23	1623
565.264	1631
565.298	1629
565.333	1638
565.367	1628
565.401	1624
565.435	1639
565.47	1647
565.504	1653
565.538	1656
565.573	1641
565.607	1634
565.641	1655
565.675	1643
565.71	1657
565.744	1657
565.778	1661
565.813	1655
565.847	1654
565.881	1681
565.915	1671
565.95	1671
565.984	1680
566.018	1678
566.053	1658
566.087	1692
566.121	1681
566.155	1713
566.19	1715
566.224	1726
566.258	1717
566.292	1753
566.327	1769
566.361	1743
566.395	1764
566.43	1769
566.464	1764
566.498	1789
566.532	1793
566.567	1801
566.601	1787
566.635	1772
566.669	1803
566.704	1787
566.738	1772
566.772	1775
566.806	1754
566.841	1754
566.875	1755
566.909	1744
566.943	1749
566.978	1756
567.012	1741
567.046	1752
567.08	1740
567.115	1745
567.149	1744
567.183	1742
567.217	1766
567.252	1749
567.286	1762
567.32	1752
567.354	1759
567.389	1795
567.423	1789
567.457	1802
567.491	1797
567.526	1823
567.56	1839
567.594	1856
567.628	1857
567.663	1853
567.697	1871
567.731	1891
567.765	1884
567.799	1886
567.834	1893
567.868	1928
567.902	1905
567.936	1895
567.971	1902
568.005	1893
568.039	1880
568.073	1911
568.107	1869
568.142	1899
568.176	1917
568.21	1903
568.244	1927
568.279	1925
568.313	1917
568.347	1903
568.381	1925
568.415	1924
568.45	1909
568.484	1895
568.518	1928
568.552	1896
568.587	1929
568.621	1919
568.655	1923
568.689	1913
568.723	1906
568.758	1914
568.792	1906
568.826	1935
568.86	1917
568.894	1936
568.929	1936
568.963	1971
568.997	1975
569.031	1990
569.065	1986
569.1	2013
569.134	2032
569.168	2053
569.202	2087
569.236	2106
569.271	2116
569.305	2130
569.339	2170
569.373	2194
569.407	2214
569.442	2239
569.476	2226
569.51	2254
569.544	2253
569.578	2215
569.613	2213
569.647	2196
569.681	2196
569.715	2209
569.749	2182
569.783	2172
569.818	2182
569.852	2148
569.886	2149
569.92	2133
569.954	2128
569.988	2119
570.023	2105
570.057	2111
570.091	2111
570.125	2097
570.159	2083
570.194	2112
570.228	2086
570.262	2072
570.296	2066
570.33	2047
570.364	2070
570.399	2040
570.433	2047
570.467	2043
570.501	2057
570.535	2049
570.569	2049
570.604	2079
570.638	2116
570.672	2103
570.706	2111
570.74	2148
570.774	2146
570.808	2185
570.843	2197
570.877	2185
570.911	2188
570.945	2219
570.979	2170
571.013	2202
571.048	2170
571.082	2184
571.116	2163
571.15	2168
571.184	2131
571.218	2113
571.252	2083
571.287	2059
571.321	2046
571.355	2021
571.389	1990
571.423	1974
571.457	1960
571.491	1949
571.526	1926
571.56	1903
571.594	1891
571.628	1849
571.662	1853
571.696	1843
571.73	1827
571.765	1811
571.799	1825
571.833	1795
571.867	1789
571.901	1795
571.935	1780
571.969	1761
572.003	1743
572.038	1739
572.072	1733
572.106	1731
572.14	1721
572.174	1718
572.208	1714
572.242	1741
572.276	1699
572.311	1714
572.345	1705
572.379	1675
572.413	1702
572.447	1673
572.481	1687
572.515	1697
572.549	1690
572.583	1670
572.618	1663
572.652	1675
572.686	1683
572.72	1679
572.754	1656
572.788	1658
572.822	1646
572.856	1644
572.89	1647
572.925	1665
572.959	1641
572.993	1655
573.027	1668
573.061	1633
573.095	1638
573.129	1648
573.163	1652
573.197	1643
573.231	1646
573.265	1647
573.3	1656
573.334	1639
573.368	1634
573.402	1624
573.436	1632
573.47	1632
573.504	1626
573.538	1643
573.572	1634
573.606	1633
573.64	1626
573.675	1621
573.709	1638
573.743	1621
573.777	1638
573.811	1616
573.845	1634
573.879	1605
573.913	1618
573.947	1619
573.981	1637
574.015	1605
574.049	1635
574.083	1625
574.118	1600
574.152	1624
574.186	1619
574.22	1612
574.254	1600
574.288	1609
574.322	1625
574.356	1610
574.39	1626
574.424	1602
574.458	1617
574.492	1618
574.526	1620
574.56	1617
574.594	1616
574.629	1608
574.663	1622
574.697	1613
574.731	1590
574.765	1604
574.799	1613
574.833	1605
574.867	1615
574.901	1621
574.935	1607
574.969	1612
575.003	1608
575.037	1613
575.071	1614
575.105	1608
575.139	1613
575.173	1607
575.207	1601
575.241	1622
575.275	1604
575.31	1635
575.344	1614
575.378	1603
575.412	1612
575.446	1618
575.48	1622
575.514	1601
575.548	1619
575.582	1607
575.616	1601
575.65	1618
575.684	1612
575.718	1601
575.752	1610
575.786	1621
575.82	1626
575.854	1603
575.888	1608
575.922	1606
575.956	1593
575.99	1617
576.024	1621
576.058	1624
576.092	1616
576.126	1613
576.16	1614
576.194	1636
576.228	1632
576.262	1614
576.296	1622
576.33	1630
576.364	1637
576.398	1623
576.432	1610
576.466	1623
576.5	1636
576.534	1642
576.568	1615
576.602	1648
576.636	1638
576.67	1643
576.704	1634
576.738	1628
576.772	1631
576.806	1630
576.84	1624
576.874	1644
576.908	1640
576.942	1647
576.976	1622
577.01	1639
577.044	1649
577.078	1629
577.112	1637
577.146	1637
577.18	1652
577.214	1625
577.248	1638
577.282	1637
577.316	1672
577.35	1673
577.384	1645
577.418	1655
577.452	1646
577.486	1649
577.52	1651
577.554	1646
577.588	1646
577.622	1664
577.656	1663
577.69	1648
577.724	1646
577.758	1654
577.792	1652
577.826	1657
577.86	1655
577.894	1647
577.928	1651
577.962	1667
577.996	1671
578.03	1667
578.064	1666
578.098	1678
578.132	1662
578.166	1679
578.2	1659
578.234	1672
578.268	1661
578.302	1670
578.336	1681
578.37	1674
578.404	1669
578.437	1664
578.471	1666
578.505	1679
578.539	1665
578.573	1680
578.607	1670
578.641	1680
578.675	1675
578.709	1681
578.743	1679
578.777	1674
578.811	1684
578.845	1682
578.879	1685
578.913	1703
578.947	1693
578.981	1670
579.015	1692
579.049	1675
579.083	1693
579.116	1689
579.15	1689
579.184	1707
579.218	1671
579.252	1694
579.286	1684
579.32	1677
579.354	1683
579.388	1686
579.422	1695
579.456	1666
579.49	1681
579.524	1691
579.558	1683
579.592	1692
579.625	1715
579.659	1686
579.693	1691
579.727	1702
579.761	1678
579.795	1679
579.829	1709
579.863	1700
579.897	1713
579.931	1704
579.965	1705
579.999	1699
580.033	1697
580.066	1691
580.1	1699
580.134	1696
580.168	1690
580.202	1698
580.236	1710
580.27	1694
580.304	1700
580.338	1708
580.372	1706
580.406	1708
580.439	1697
580.473	1702
580.507	1696
580.541	1705
580.575	1693
580.609	1721
580.643	1686
580.677	1695
580.711	1712
580.745	1706
580.778	1692
580.812	1703
580.846	1697
580.88	1691
580.914	1690
580.948	1707
580.982	1718
581.016	1708
581.05	1695
581.083	1705
581.117	1712
581.151	1701
581.185	1733
581.219	1698
581.253	1708
581.287	1694
581.321	1701
581.355	1710
581.388	1721
581.422	1715
581.456	1698
581.49	1708
581.524	1714
581.558	1734
581.592	1697
581.626	1707
581.659	1721
581.693	1710
581.727	1721
581.761	1730
581.795	1708
581.829	1700
581.863	1712
581.896	1717
581.93	1732
581.964	1708
581.998	1711
582.032	1710
582.066	1710
582.1	1709
582.133	1710
582.167	1710
582.201	1729
582.235	1720
582.269	1710
582.303	1733
582.337	1717
582.37	1698
582.404	1716
582.438	1722
582.472	1726
582.506	1708
582.54	1701
582.574	1730
582.607	1720
582.641	1704
582.675	1717
582.709	1732
582.743	1732
582.777	1717
582.81	1717
582.844	1735
582.878	1715
582.912	1731
582.946	1723
582.98	1731
583.013	1737
583.047	1727
583.081	1720
583.115	1722
583.149	1724
583.183	1727
583.216	1749
583.25	1744
583.284	1750
583.318	1739
583.352	1743
583.386	1757
583.419	1746
583.453	1730
583.487	1731
583.521	1740
583.555	1736
583.589	1751
583.622	1736
583.656	1752
583.69	1758
583.724	1740
583.758	1744
583.791	1758
583.825	1745
583.859	1748
583.893	1732
583.927	1772
583.96	1756
583.994	1751
584.028	1768
584.062	1768
584.096	1743
584.129	1755
584.163	1759
584.197	1756
584.231	1769
584.265	1742
584.298	1773
584.332	1767
584.366	1757
584.4	1757
584.434	1778
584.467	1771
584.501	1784
584.535	1783
584.569	1773
584.603	1784
584.636	1804
584.67	1775
584.704	1780
584.738	1775
584.772	1783
584.805	1766
584.839	1786
584.873	1791
584.907	1781
584.94	1773
584.974	1800
585.008	1789
585.042	1770
585.076	1793
585.109	1789
585.143	1779
585.177	1777
585.211	1777
585.244	1789
585.278	1787
585.312	1774
585.346	1792
585.38	1785
585.413	1815
585.447	1790
585.481	1773
585.515	1795
585.548	1780
585.582	1790
585.616	1792
585.65	1796
585.683	1817
585.717	1806
585.751	1800
585.785	1801
585.818	1811
585.852	1782
585.886	1802
585.92	1783
585.953	1829
585.987	1803
586.021	1809
586.055	1802
586.088	1789
586.122	1812
586.156	1814
586.19	1786
586.223	1801
586.257	1786
586.291	1791
586.325	1779
586.358	1779
586.392	1790
586.426	1795
586.46	1785
586.493	1787
586.527	1790
586.561	1784
586.595	1795
586.628	1788
586.662	1792
586.696	1772
586.73	1770
586.763	1785
586.797	1783
586.831	1804
586.864	1772
586.898	1779
586.932	1794
586.966	1765
586.999	1775
587.033	1795
587.067	1777
587.1	1782
587.134	1786
587.168	1783
587.202	1759
587.235	1787
587.269	1778
587.303	1758
587.336	1767
587.37	1764
587.404	1771
587.438	1753
587.471	1761
587.505	1760
587.539	1771
587.572	1759
587.606	1762
587.64	1766
587.674	1764
587.707	1768
587.741	1761
587.775	1763
587.808	1753
587.842	1743
587.876	1736
587.909	1742
587.943	1745
587.977	1735
588.011	1739
588.044	1747
588.078	1728
588.112	1744
588.145	1716
588.179	1729
588.213	1713
588.246	1737
588.28	1714
588.314	1729
588.347	1713
588.381	1717
588.415	1720
588.448	1705
588.482	1714
588.516	1696
588.55	1698
588.583	1707
588.617	1693
588.651	1699
588.684	1705
588.718	1710
588.752	1695
588.785	1704
588.819	1677
588.853	1681
588.886	1685
588.92	1696
588.954	1672
588.987	1687
589.021	1674
589.055	1674
589.088	1670
589.122	1659
589.156	1674
589.189	1672
589.223	1644
589.257	1658
589.29	1660
589.324	1661
589.358	1649
589.391	1645
589.425	1639
589.458	1648
589.492	1628
589.526	1642
589.559	1647
589.593	1644
589.627	1645
589.66	1631
589.694	1615
589.728	1628
589.761	1626
589.795	1620
589.829	1612
589.862	1610
589.896	1631
589.929	1623
589.963	1605
589.997	1604
590.03	1616
590.064	1622
590.098	1599
590.131	1600
590.165	1598
590.199	1600
590.232	1607
590.266	1591
590.299	1593
590.333	1580
590.367	1602
590.4	1610
590.434	1571
590.468	1583
590.501	1571
590.535	1575
590.568	1567
590.602	1556
590.636	1577
590.669	1580
590.703	1556
590.737	1563
590.77	1576
590.804	1550
590.837	1567
590.871	1551
590.905	1565
590.938	1549
590.972	1554
591.005	1543
591.039	1549
591.073	1546
591.106	1537
591.14	1547
591.173	1542
591.207	1545
591.241	1547
591.274	1537
591.308	1528
591.341	1537
591.375	1523
591.409	1536
591.442	1526
591.476	1523
591.509	1519
591.543	1509
591.577	1529
591.61	1514
591.644	1510
591.677	1525
591.711	1517
591.745	1508
591.778	1510
591.812	1510
591.845	1515
591.879	1500
591.912	1489
591.946	1502
591.98	1493
592.013	1497
592.047	1506
592.08	1492
592.114	1491
592.147	1493
592.181	1477
592.215	1482
592.248	1487
592.282	1483
592.315	1483
592.349	1479
592.382	1477
592.416	1464
592.45	1494
592.483	1483
592.517	1498
592.55	1472
592.584	1453
592.617	1463
592.651	1456
592.685	1477
592.718	1454
592.752	1467
592.785	1458
592.819	1444
592.852	1464
592.886	1461
592.919	1462
592.953	1432
592.986	1450
593.02	1453
593.054	1455
593.087	1447
593.121	1439
593.154	1442
593.188	1438
593.221	1456
593.255	1441
593.288	1447
593.322	1440
593.355	1445
593.389	1416
593.423	1445
593.456	1431
593.49	1432
593.523	1430
593.557	1427
593.59	1432
593.624	1435
593.657	1436
593.691	1425
593.724	1437
593.758	1412
593.791	1418
593.825	1430
593.858	1422
593.892	1422
593.925	1401
593.959	1417
593.992	1404
594.026	1412
594.06	1396
594.093	1406
594.127	1400
594.16	1412
594.194	1409
594.227	1415
594.261	1398
594.294	1389
594.328	1402
594.361	1402
594.395	1391
594.428	1408
594.462	1382
594.495	1391
594.529	1392
594.562	1401
594.596	1399
594.629	1394
594.663	1390
594.696	1387
594.73	1377
594.763	1376
594.797	1388
594.83	1383
594.864	1386
594.897	1374
594.931	1381
594.964	1369
594.998	1368
595.031	1379
595.065	1371
595.098	1363
595.132	1364
595.165	1372
595.199	1387
595.232	1378
595.265	1353
595.299	1361
595.332	1353
595.366	1348
595.399	1358
595.433	1367
595.466	1356
595.5	1357
595.533	1363
595.567	1364
595.6	1350
595.634	1355
595.667	1339
595.701	1338
595.734	1346
595.768	1342
595.801	1350
595.835	1350
595.868	1338
595.901	1350
595.935	1341
595.968	1340
596.002	1352
596.035	1343
596.069	1347
596.102	1345
596.136	1344
596.169	1356
596.203	1345
596.236	1350
596.269	1334
596.303	1351
596.336	1341
596.37	1342
596.403	1345
596.437	1335
596.47	1342
596.504	1341
596.537	1334
596.57	1327
596.604	1331
596.637	1329
596.671	1340
596.704	1338
596.738	1327
596.771	1341
596.805	1340
596.838	1359
596.871	1355
596.905	1337
596.938	1334
596.972	1338
597.005	1331
597.039	1340
597.072	1328
597.105	1324
597.139	1326
597.172	1340
597.206	1336
