562.518	1443
562.552	1374
562.587	1411
562.621	1401
562.655	1417
562.69	1419
562.724	1409
562.758	1405
562.793	1402
562.827	1435
562.862	1427
562.896	1413
562.93	1404
562.965	1411
562.999	1415
563.033	1406
563.068	1410
563.102	1403
563.136	1408
563.171	1412
563.205	1401
563.239	1404
563.274	1399
563.308	1410
563.342	1421
563.377	1405
563.411	1408
563.445	1408
563.48	1404
563.514	1398
563.548	1404
563.583	1395
563.617	1406
563.651	1413
563.686	1407
563.72	1403
563.754	1399
563.789	1400
563.823	1403
563.857	1402
563.892	1402
563.926	1397
563.96	1398
563.995	1401
564.029	1405
564.063	1397
564.098	1400
564.132	1401
564.166	1407
564.201	1409
564.235	1384
564.269	1400
564.304	1401
564.338	1393
564.372	1391
564.406	1386
564.441	1385
564.475	1384
564.509	1390
564.544	1382
564.578	1396
564.612	1392
564.647	1409
564.681	1393
564.715	1381
564.75	1380
564.784	1391
564.818	1389
564.852	1384
564.887	1397
564.921	1392
564.955	1398
564.99	1385
565.024	1394
565.058	1386
565.093	1405
565.127	1377
565.161	1396
565.195	1396
565.23	1409
565.264	1391
565.298	1401
565.333	1415
565.367	1417
565.401	1406
565.435	1405
565.47	1401
565.504	1392
565.538	1407
565.573	1412
565.607	1409
565.641	1404
565.675	1419
565.71	1428
565.744	1417
565.778	1430
565.813	1427
565.847	1424
565.881	1441
565.915	1438
565.95	1428
565.984	1445
566.018	1448
566.053	1441
566.087	1452
566.121	1472
566.155	1462
566.19	1456
566.224	1468
566.258	1462
566.292	1474
566.327	1474
566.361	1480
566.395	1486
566.43	1463
566.464	1503
566.498	1486
566.532	1496
566.567	1516
566.601	1499
566.635	1503
566.669	1496
566.704	1506
566.738	1511
566.772	1506
566.806	1512
566.841	1481
566.875	1509
566.909	1518
566.943	1522
566.978	1507
567.012	1514
567.046	1508
567.08	1514
567.115	1516
567.149	1536
567.183	1534
567.217	1525
567.252	1542
567.286	1553
567.32	1565
567.354	1570
567.389	1611
567.423	1576
567.457	1603
567.491	1638
567.526	1652
567.56	1656
567.594	1663
567.628	1689
567.663	1713
567.697	1716
567.731	1734
567.765	1750
567.799	1756
567.834	1766
567.868	1754
567.902	1762
567.936	1762
567.971	1784
568.005	1755
568.039	1762
568.073	1790
568.107	1778
568.142	1765
568.176	1786
568.21	1779
568.244	1786
568.279	1772
568.313	1773
568.347	1775
568.381	1775
568.415	1774
568.45	1756
568.484	1787
568.518	1767
568.552	1770
568.587	1781
568.621	1756
568.655	1765
568.689	1766
568.723	1772
568.758	1769
568.792	1759
568.826	1787
568.86	1793
568.894	1786
568.929	1805
568.963	1819
568.997	1823
569.031	1861
569.065	1867
569.1	1881
569.134	1895
569.168	1935
569.202	1955
569.236	1997
569.271	2017
569.305	2067
569.339	2088
569.373	2119
569.407	2155
569.442	2165
569.476	2171
569.51	2169
569.544	2187
569.578	2158
569.613	2163
569.647	2115
569.681	2101
569.715	2108
569.749	2106
569.783	2062
569.818	2038
569.852	2017
569.886	2009
569.92	1999
569.954	2004
569.988	1991
570.023	1977
570.057	1982
570.091	1948
570.125	1930
570.159	1934
570.194	1923
570.228	1937
570.262	1903
570.296	1906
570.33	1902
570.364	1916
570.399	1925
570.433	1927
570.467	1913
570.501	1926
570.535	1935
570.569	1958
570.604	1963
570.638	1981
570.672	1996
570.706	2030
570.74	2044
570.774	2059
570.808	2085
570.843	2103
570.877	2108
570.911	2143
570.945	2144
570.979	2172
571.013	2160
571.048	2138
571.082	2129
571.116	2125
571.15	2090
571.184	2076
571.218	2034
571.252	2029
571.287	2005
571.321	1943
571.355	1937
571.389	1873
571.423	1865
571.457	1820
571.491	1814
571.526	1775
571.56	1750
571.594	1727
571.628	1692
571.662	1676
571.696	1663
571.73	1649
571.765	1637
571.799	1613
571.833	1613
571.867	1603
571.901	1595
571.935	1574
571.969	1583
572.003	1544
572.038	1553
572.072	1531
572.106	1542
572.14	1531
572.174	1514
572.208	1518
572.242	1528
572.276	1512
572.311	1522
572.345	1488
572.379	1497
572.413	1493
572.447	1488
572.481	1484
572.515	1487
572.549	1478
572.583	1486
572.618	1480
572.652	1472
572.686	1473
572.72	1463
572.754	1497
572.788	1453
572.822	1447
572.856	1449
572.89	1464
572.925	1452
572.959	1450
572.993	1451
573.027	1445
573.061	1443
573.095	1452
573.129	1447
573.163	1437
573.197	1446
573.231	1439
573.265	1437
573.3	1437
573.334	1431
573.368	1442
573.402	1438
573.436	1452
573.47	1441
573.504	1431
573.538	1440
573.572	1433
573.606	1441
573.64	1453
573.675	1422
573.709	1422
573.743	1418
573.777	1412
573.811	1429
573.845	1432
573.879	1437
573.913	1419
573.947	1426
573.981	1428
574.015	1419
574.049	1450
574.083	1438
574.118	1417
574.152	1425
574.186	1408
574.22	1429
574.254	1432
574.288	1425
574.322	1418
574.356	1417
574.39	1415
574.424	1423
574.458	1413
574.492	1417
574.526	1411
574.56	1423
574.594	1419
574.629	1429
574.663	1429
574.697	1419
574.731	1424
574.765	1424
574.799	1425
574.833	1417
574.867	1417
574.901	1419
574.935	1420
574.969	1425
575.003	1410
575.037	1437
575.071	1412
575.105	1421
575.139	1424
575.173	1442
575.207	1405
575.241	1434
575.275	1422
575.31	1431
575.344	1419
575.378	1442
575.412	1421
575.446	1419
575.48	1419
575.514	1423
575.548	1419
575.582	1440
575.616	1433
575.65	1435
575.684	1413
575.718	1429
575.752	1418
575.786	1425
575.82	1422
575.854	1423
575.888	1429
575.922	1441
575.956	1424
575.99	1431
576.024	1418
576.058	1441
576.092	1439
576.126	1432
576.16	1436
576.194	1422
576.228	1445
576.262	1444
576.296	1465
576.33	1449
576.364	1437
576.398	1444
576.432	1430
576.466	1455
576.5	1451
576.534	1438
576.568	1456
576.602	1454
576.636	1438
576.67	1456
576.704	1449
576.738	1453
576.772	1456
576.806	1456
576.84	1461
576.874	1460
576.908	1452
576.942	1455
576.976	1450
577.01	1466
577.044	1459
577.078	1461
577.112	1470
577.146	1468
577.18	1464
577.214	1468
577.248	1472
577.282	1466
577.316	1472
577.35	1474
577.384	1472
577.418	1477
577.452	1478
577.486	1480
577.52	1467
577.554	1458
577.588	1478
577.622	1498
577.656	1480
577.69	1483
577.724	1475
577.758	1494
577.792	1492
577.826	1504
577.86	1496
577.894	1503
577.928	1502
577.962	1504
577.996	1485
578.03	1496
578.064	1503
578.098	1498
578.132	1503
578.166	1495
578.2	1498
578.234	1507
578.268	1501
578.302	1488
578.336	1500
578.37	1508
578.404	1499
578.437	1504
578.471	1487
578.505	1509
578.539	1524
578.573	1515
578.607	1521
578.641	1520
578.675	1512
578.709	1515
578.743	1515
578.777	1521
578.811	1521
578.845	1525
578.879	1520
578.913	1510
578.947	1518
578.981	1527
579.015	1533
579.049	1542
579.083	1535
579.116	1534
579.15	1528
579.184	1528
579.218	1543
579.252	1521
579.286	1518
579.32	1536
579.354	1538
579.388	1540
579.422	1543
579.456	1540
579.49	1538
579.524	1525
579.558	1537
579.592	1529
579.625	1539
579.659	1541
579.693	1530
579.727	1541
579.761	1540
579.795	1559
579.829	1549
579.863	1542
579.897	1544
579.931	1554
579.965	1542
579.999	1551
580.033	1562
580.066	1544
580.1	1542
580.134	1539
580.168	1557
580.202	1546
580.236	1545
580.27	1550
580.304	1561
580.338	1555
580.372	1552
580.406	1548
580.439	1544
580.473	1547
580.507	1541
580.541	1558
580.575	1538
580.609	1548
580.643	1542
580.677	1546
580.711	1545
580.745	1555
580.778	1553
580.812	1550
580.846	1563
580.88	1539
580.914	1552
580.948	1554
580.982	1558
581.016	1562
581.05	1549
581.083	1567
581.117	1557
581.151	1552
581.185	1568
581.219	1550
581.253	1550
581.287	1553
581.321	1568
581.355	1562
581.388	1562
581.422	1564
581.456	1566
581.49	1568
581.524	1578
581.558	1567
581.592	1585
581.626	1583
581.659	1565
581.693	1573
581.727	1571
581.761	1563
581.795	1557
581.829	1574
581.863	1579
581.896	1574
581.93	1574
581.964	1578
581.998	1597
582.032	1584
582.066	1582
582.1	1580
582.133	1597
582.167	1571
582.201	1578
582.235	1593
582.269	1587
582.303	1590
582.337	1594
582.37	1583
582.404	1579
582.438	1595
582.472	1570
582.506	1588
582.54	1581
582.574	1586
582.607	1593
582.641	1588
582.675	1594
582.709	1578
582.743	1600
582.777	1582
582.81	1591
582.844	1596
582.878	1605
582.912	1596
582.946	1583
582.98	1593
583.013	1592
583.047	1608
583.081	1599
583.115	1612
583.149	1601
583.183	1623
583.216	1599
583.25	1605
583.284	1613
583.318	1617
583.352	1613
583.386	1608
583.419	1618
583.453	1618
583.487	1626
583.521	1601
583.555	1619
583.589	1613
583.622	1615
583.656	1634
583.69	1611
583.724	1639
583.758	1628
583.791	1620
583.825	1617
583.859	1613
583.893	1633
583.927	1634
583.96	1620
583.994	1619
584.028	1646
584.062	1638
584.096	1631
584.129	1632
584.163	1639
584.197	1649
584.231	1646
584.265	1653
584.298	1656
584.332	1648
584.366	1645
584.4	1666
584.434	1648
584.467	1654
584.501	1658
584.535	1654
584.569	1658
584.603	1643
584.636	1660
584.67	1667
584.704	1653
584.738	1661
584.772	1661
584.805	1675
584.839	1666
584.873	1651
584.907	1671
584.94	1663
584.974	1669
585.008	1647
585.042	1668
585.076	1647
585.109	1661
585.143	1664
585.177	1673
585.211	1667
585.244	1676
585.278	1677
585.312	1684
585.346	1698
585.38	1666
585.413	1681
585.447	1687
585.481	1677
585.515	1692
585.548	1675
585.582	1699
585.616	1666
585.65	1679
585.683	1694
585.717	1667
585.751	1704
585.785	1702
585.818	1663
585.852	1708
585.886	1679
585.92	1688
585.953	1676
585.987	1691
586.021	1691
586.055	1674
586.088	1681
586.122	1694
586.156	1683
586.19	1682
586.223	1681
586.257	1688
586.291	1684
586.325	1696
586.358	1674
586.392	1687
586.426	1691
586.46	1664
586.493	1675
586.527	1704
586.561	1700
586.595	1680
586.628	1679
586.662	1660
586.696	1671
586.73	1671
586.763	1688
586.797	1689
586.831	1673
586.864	1712
586.898	1659
586.932	1650
586.966	1670
586.999	1667
587.033	1674
587.067	1667
587.1	1680
587.134	1671
587.168	1694
587.202	1672
587.235	1664
587.269	1679
587.303	1671
587.336	1665
587.37	1672
587.404	1669
587.438	1675
587.471	1668
587.505	1670
587.539	1658
587.572	1665
587.606	1645
587.64	1666
587.674	1657
587.707	1637
587.741	1656
587.775	1658
587.808	1650
587.842	1651
587.876	1642
587.909	1634
587.943	1645
587.977	1632
588.011	1637
588.044	1621
588.078	1629
588.112	1625
588.145	1640
588.179	1625
588.213	1635
588.246	1616
588.28	1614
588.314	1630
588.347	1611
588.381	1604
588.415	1602
588.448	1613
588.482	1612
588.516	1601
588.55	1606
588.583	1609
588.617	1593
588.651	1589
588.684	1588
588.718	1585
588.752	1575
588.785	1588
588.819	1587
588.853	1575
588.886	1578
588.92	1567
588.954	1554
588.987	1563
589.021	1571
589.055	1568
589.088	1569
589.122	1562
589.156	1550
589.189	1565
589.223	1540
589.257	1542
589.29	1536
589.324	1551
589.358	1534
589.391	1541
589.425	1527
589.458	1529
589.492	1525
589.526	1524
589.559	1529
589.593	1540
589.627	1507
589.66	1527
589.694	1511
589.728	1530
589.761	1522
589.795	1502
589.829	1516
589.862	1502
589.896	1510
589.929	1502
589.963	1503
589.997	1496
590.03	1491
590.064	1486
590.098	1505
590.131	1494
590.165	1482
590.199	1489
590.232	1487
590.266	1481
590.299	1480
590.333	1486
590.367	1483
590.4	1469
590.434	1472
590.468	1468
590.501	1456
590.535	1452
590.568	1445
590.602	1455
590.636	1463
590.669	1462
590.703	1456
590.737	1454
590.77	1456
590.804	1442
590.837	1440
590.871	1454
590.905	1454
590.938	1430
590.972	1430
591.005	1444
591.039	1443
591.073	1429
591.106	1422
591.14	1424
591.173	1422
591.207	1432
591.241	1414
591.274	1420
591.308	1410
591.341	1418
591.375	1412
591.409	1420
591.442	1404
591.476	1419
591.509	1408
591.543	1396
591.577	1406
591.61	1395
591.644	1399
591.677	1395
591.711	1395
591.745	1397
591.778	1387
591.812	1391
591.845	1381
591.879	1398
591.912	1384
591.946	1361
591.98	1381
592.013	1386
592.047	1373
592.08	1374
592.114	1370
592.147	1375
592.181	1363
592.215	1372
592.248	1372
592.282	1369
592.315	1370
592.349	1364
592.382	1362
592.416	1372
592.45	1363
592.483	1358
592.517	1367
592.55	1363
592.584	1354
592.617	1351
592.651	1357
592.685	1354
592.718	1338
592.752	1352
592.785	1339
592.819	1350
592.852	1355
592.886	1341
592.919	1334
592.953	1342
592.986	1347
593.02	1347
593.054	1350
593.087	1330
593.121	1324
593.154	1341
593.188	1331
593.221	1328
593.255	1329
593.288	1327
593.322	1323
593.355	1319
593.389	1314
593.423	1315
593.456	1325
593.49	1326
593.523	1325
593.557	1310
593.59	1313
593.624	1295
593.657	1309
593.691	1306
593.724	1310
593.758	1304
593.791	1301
593.825	1301
593.858	1318
593.892	1298
593.925	1298
593.959	1299
593.992	1298
594.026	1301
594.06	1294
594.093	1298
594.127	1301
594.16	1299
594.194	1287
594.227	1286
594.261	1289
594.294	1285
594.328	1287
594.361	1282
594.395	1287
594.428	1281
594.462	1275
594.495	1277
594.529	1277
594.562	1273
594.596	1278
594.629	1268
594.663	1268
594.696	1266
594.73	1267
594.763	1270
594.797	1273
594.83	1258
594.864	1267
594.897	1275
594.931	1264
594.964	1261
594.998	1256
595.031	1260
595.065	1253
595.098	1252
595.132	1250
595.165	1247
595.199	1240
595.232	1257
595.265	1254
595.299	1249
595.332	1254
595.366	1241
595.399	1244
595.433	1249
595.466	1233
595.5	1241
595.533	1243
595.567	1237
595.6	1237
595.634	1233
595.667	1239
595.701	1234
595.734	1232
595.768	1229
595.801	1242
595.835	1234
595.868	1230
595.901	1238
595.935	1233
595.968	1233
596.002	1228
596.035	1228
596.069	1238
596.102	1227
596.136	1225
596.169	1232
596.203	1221
596.236	1229
596.269	1232
596.303	1227
596.336	1224
596.37	1237
596.403	1221
596.437	1225
596.47	1219
596.504	1227
596.537	1232
596.57	1221
596.604	1231
596.637	1227
596.671	1220
596.704	1219
596.738	1222
596.771	1218
596.805	1227
596.838	1219
596.871	1224
596.905	1219
596.938	1223
596.972	1218
597.005	1220
597.039	1217
597.072	1216
597.105	1206
597.139	1221
597.172	1222
597.206	1218
