-1.28313E+02	 5.46383E+02
-1.23403E+02	 5.46333E+02
-1.18495E+02	 5.47250E+02
-1.13590E+02	 5.47017E+02
-1.08688E+02	 5.46550E+02
-1.03788E+02	 5.46633E+02
-9.88916E+01	 5.47817E+02
-9.39973E+01	 5.47017E+02
-8.91057E+01	 5.46817E+02
-8.42168E+01	 5.46583E+02
-7.93305E+01	 5.46833E+02
-7.44468E+01	 5.46717E+02
-6.95658E+01	 5.46750E+02
-6.46874E+01	 5.46917E+02
-5.98116E+01	 5.46867E+02
-5.49385E+01	 5.47717E+02
-5.00680E+01	 5.47700E+02
-4.52002E+01	 5.47850E+02
-4.03349E+01	 5.47600E+02
-3.54723E+01	 5.48050E+02
-3.06124E+01	 5.48567E+02
-2.57550E+01	 5.48467E+02
-2.09003E+01	 5.49533E+02
-1.60482E+01	 5.52050E+02
-1.11987E+01	 5.56633E+02
-6.35180E+00	 6.21517E+02
-1.50754E+00	 1.39770E+03
 3.33412E+00	 1.97037E+03
 8.17317E+00	 1.13230E+03
 1.30096E+01	 5.66700E+02
 1.78434E+01	 5.50150E+02
 2.26747E+01	 5.48883E+02
 2.75033E+01	 5.47600E+02
 3.23294E+01	 5.47067E+02
 3.71528E+01	 5.47600E+02
 4.19736E+01	 5.47817E+02
 4.67919E+01	 5.46867E+02
 5.16075E+01	 5.47000E+02
 5.64206E+01	 5.47317E+02
 6.12311E+01	 5.47267E+02
 6.60390E+01	 5.46950E+02
 7.08443E+01	 5.48000E+02
 7.56470E+01	 5.50700E+02
 8.04472E+01	 5.65067E+02
 8.52448E+01	 5.86067E+02
 9.00398E+01	 6.03617E+02
 9.48322E+01	 6.11733E+02
 9.96221E+01	 6.14583E+02
 1.04409E+02	 6.18167E+02
 1.09194E+02	 6.18117E+02
 1.13976E+02	 6.19133E+02
 1.18756E+02	 6.17383E+02
 1.23533E+02	 6.19300E+02
 1.28307E+02	 6.15650E+02
 1.33079E+02	 6.14167E+02
 1.37849E+02	 6.12983E+02
 1.42615E+02	 6.09683E+02
 1.47380E+02	 6.04750E+02
 1.52141E+02	 6.03750E+02
 1.56901E+02	 5.99333E+02
 1.61657E+02	 5.98183E+02
 1.66411E+02	 5.94650E+02
 1.71163E+02	 5.92600E+02
 1.75912E+02	 5.92400E+02
 1.80658E+02	 5.90300E+02
 1.85402E+02	 5.89867E+02
 1.90143E+02	 5.88233E+02
 1.94882E+02	 5.88217E+02
 1.99619E+02	 5.88933E+02
 2.04352E+02	 5.87633E+02
 2.09084E+02	 5.86800E+02
 2.13812E+02	 5.84833E+02
 2.18539E+02	 5.83150E+02
 2.23262E+02	 5.83217E+02
 2.27983E+02	 5.83100E+02
 2.32702E+02	 5.82417E+02
 2.37418E+02	 5.80717E+02
 2.42132E+02	 5.81567E+02
 2.46843E+02	 5.80150E+02
 2.51551E+02	 5.79983E+02
 2.56258E+02	 5.80733E+02
 2.60961E+02	 5.79183E+02
 2.65662E+02	 5.79600E+02
 2.70361E+02	 5.79633E+02
 2.75057E+02	 5.78833E+02
 2.79750E+02	 5.78600E+02
 2.84442E+02	 5.79317E+02
 2.89130E+02	 5.78483E+02
 2.93816E+02	 5.79033E+02
 2.98500E+02	 5.78767E+02
 3.03181E+02	 5.78933E+02
 3.07860E+02	 5.78983E+02
 3.12536E+02	 5.78200E+02
 3.17209E+02	 5.78083E+02
 3.21881E+02	 5.78500E+02
 3.26549E+02	 5.78300E+02
 3.31215E+02	 5.77383E+02
 3.35879E+02	 5.77233E+02
 3.40540E+02	 5.77000E+02
 3.45199E+02	 5.78017E+02
 3.49856E+02	 5.77700E+02
 3.54509E+02	 5.79417E+02
 3.59161E+02	 5.79033E+02
 3.63810E+02	 5.77800E+02
 3.68456E+02	 5.78867E+02
 3.73100E+02	 5.76917E+02
 3.77742E+02	 5.77533E+02
 3.82381E+02	 5.77933E+02
 3.87017E+02	 5.76967E+02
 3.91652E+02	 5.77950E+02
 3.96283E+02	 5.77350E+02
 4.00913E+02	 5.77567E+02
 4.05539E+02	 5.78450E+02
 4.10164E+02	 5.80050E+02
 4.14786E+02	 5.80350E+02
 4.19405E+02	 5.79783E+02
 4.24022E+02	 5.79983E+02
 4.28637E+02	 5.80833E+02
 4.33249E+02	 5.81817E+02
 4.37859E+02	 5.81150E+02
 4.42466E+02	 5.81450E+02
 4.47071E+02	 5.80483E+02
 4.51673E+02	 5.80683E+02
 4.56273E+02	 5.79683E+02
 4.60871E+02	 5.79433E+02
 4.65466E+02	 5.78533E+02
 4.70059E+02	 5.78767E+02
 4.74649E+02	 5.79133E+02
 4.79237E+02	 5.79667E+02
 4.83822E+02	 5.80017E+02
 4.88405E+02	 5.81067E+02
 4.92986E+02	 5.81767E+02
 4.97564E+02	 5.80517E+02
 5.02140E+02	 5.81033E+02
 5.06714E+02	 5.79583E+02
 5.11285E+02	 5.80800E+02
 5.15853E+02	 5.81333E+02
 5.20419E+02	 5.79550E+02
 5.24983E+02	 5.81883E+02
 5.29545E+02	 5.82083E+02
 5.34104E+02	 5.82683E+02
 5.38660E+02	 5.84767E+02
 5.43214E+02	 5.84433E+02
 5.47766E+02	 5.84567E+02
 5.52316E+02	 5.84300E+02
 5.56863E+02	 5.83950E+02
 5.61407E+02	 5.83100E+02
 5.65950E+02	 5.84900E+02
 5.70489E+02	 5.85950E+02
 5.75027E+02	 5.83267E+02
 5.79562E+02	 5.84117E+02
 5.84095E+02	 5.84017E+02
 5.88625E+02	 5.83150E+02
 5.93153E+02	 5.81467E+02
 5.97679E+02	 5.82267E+02
 6.02202E+02	 5.82333E+02
 6.06723E+02	 5.80200E+02
 6.11241E+02	 5.79967E+02
 6.15757E+02	 5.79617E+02
 6.20271E+02	 5.78800E+02
 6.24783E+02	 5.77017E+02
 6.29292E+02	 5.77533E+02
 6.33798E+02	 5.75800E+02
 6.38303E+02	 5.76417E+02
 6.42805E+02	 5.75817E+02
 6.47304E+02	 5.75517E+02
 6.51802E+02	 5.75917E+02
 6.56296E+02	 5.75700E+02
 6.60789E+02	 5.75650E+02
 6.65279E+02	 5.74433E+02
 6.69767E+02	 5.73250E+02
 6.74253E+02	 5.73400E+02
 6.78736E+02	 5.73250E+02
 6.83217E+02	 5.74000E+02
 6.87695E+02	 5.72767E+02
 6.92171E+02	 5.71717E+02
 6.96645E+02	 5.71317E+02
 7.01117E+02	 5.71000E+02
 7.05586E+02	 5.70767E+02
 7.10053E+02	 5.71433E+02
 7.14517E+02	 5.71567E+02
 7.18979E+02	 5.72583E+02
 7.23439E+02	 5.73283E+02
 7.27897E+02	 5.71983E+02
 7.32352E+02	 5.71467E+02
 7.36805E+02	 5.70617E+02
 7.41255E+02	 5.70800E+02
 7.45704E+02	 5.69817E+02
 7.50150E+02	 5.71783E+02
 7.54593E+02	 5.72617E+02
 7.59035E+02	 5.72400E+02
 7.63474E+02	 5.71883E+02
 7.67910E+02	 5.71050E+02
 7.72345E+02	 5.70617E+02
 7.76777E+02	 5.71417E+02
 7.81207E+02	 5.70750E+02
 7.85634E+02	 5.71733E+02
 7.90059E+02	 5.72983E+02
 7.94482E+02	 5.72233E+02
 7.98903E+02	 5.70200E+02
 8.03321E+02	 5.70100E+02
 8.07737E+02	 5.70950E+02
 8.12151E+02	 5.71850E+02
 8.16562E+02	 5.72850E+02
 8.20971E+02	 5.72400E+02
 8.25378E+02	 5.72667E+02
 8.29783E+02	 5.73483E+02
 8.34185E+02	 5.74533E+02
 8.38585E+02	 5.76250E+02
 8.42983E+02	 5.76250E+02
 8.47378E+02	 5.78017E+02
 8.51771E+02	 5.78450E+02
 8.56162E+02	 5.79000E+02
 8.60551E+02	 5.78667E+02
 8.64937E+02	 5.77300E+02
 8.69321E+02	 5.76983E+02
 8.73703E+02	 5.75817E+02
 8.78083E+02	 5.75217E+02
 8.82460E+02	 5.76383E+02
 8.86835E+02	 5.76217E+02
 8.91208E+02	 5.77250E+02
 8.95578E+02	 5.77833E+02
 8.99947E+02	 5.78417E+02
 9.04313E+02	 5.79533E+02
 9.08676E+02	 5.80817E+02
 9.13038E+02	 5.82167E+02
 9.17397E+02	 5.83083E+02
 9.21754E+02	 5.82950E+02
 9.26109E+02	 5.82383E+02
 9.30461E+02	 5.82367E+02
 9.34811E+02	 5.82750E+02
 9.39159E+02	 5.83267E+02
 9.43505E+02	 5.83317E+02
 9.47849E+02	 5.81217E+02
 9.52190E+02	 5.81633E+02
 9.56529E+02	 5.82017E+02
 9.60866E+02	 5.81817E+02
 9.65200E+02	 5.81950E+02
 9.69533E+02	 5.82483E+02
 9.73863E+02	 5.82950E+02
 9.78191E+02	 5.84317E+02
 9.82516E+02	 5.84400E+02
 9.86840E+02	 5.85467E+02
 9.91161E+02	 5.84217E+02
 9.95480E+02	 5.85700E+02
 9.99797E+02	 5.85333E+02
 1.00411E+03	 5.87383E+02
 1.00842E+03	 5.93700E+02
 1.01273E+03	 5.91917E+02
 1.01704E+03	 5.88983E+02
 1.02135E+03	 5.88167E+02
 1.02565E+03	 5.88250E+02
 1.02995E+03	 5.90633E+02
 1.03425E+03	 5.92100E+02
 1.03855E+03	 5.92683E+02
 1.04284E+03	 5.92983E+02
 1.04713E+03	 5.94350E+02
 1.05143E+03	 5.94683E+02
 1.05571E+03	 5.97167E+02
 1.06000E+03	 5.96717E+02
 1.06428E+03	 5.98667E+02
 1.06856E+03	 6.02467E+02
 1.07284E+03	 6.02933E+02
 1.07712E+03	 6.04933E+02
 1.08140E+03	 6.07483E+02
 1.08567E+03	 6.11233E+02
 1.08994E+03	 6.10550E+02
 1.09421E+03	 6.10033E+02
 1.09847E+03	 6.12117E+02
 1.10274E+03	 6.09917E+02
 1.10700E+03	 6.09583E+02
 1.11126E+03	 6.09633E+02
 1.11552E+03	 6.08933E+02
 1.11977E+03	 6.08483E+02
 1.12402E+03	 6.07167E+02
 1.12827E+03	 6.07100E+02
 1.13252E+03	 6.08167E+02
 1.13677E+03	 6.04633E+02
 1.14101E+03	 6.00850E+02
 1.14526E+03	 5.99333E+02
 1.14950E+03	 5.95883E+02
 1.15373E+03	 5.94000E+02
 1.15797E+03	 5.92350E+02
 1.16220E+03	 5.89617E+02
 1.16644E+03	 5.87467E+02
 1.17066E+03	 5.84283E+02
 1.17489E+03	 5.83550E+02
 1.17912E+03	 5.82050E+02
 1.18334E+03	 5.80750E+02
 1.18756E+03	 5.78650E+02
 1.19178E+03	 5.78333E+02
 1.19599E+03	 5.78050E+02
 1.20021E+03	 5.76650E+02
 1.20442E+03	 5.77233E+02
 1.20863E+03	 5.79367E+02
 1.21284E+03	 5.81600E+02
 1.21704E+03	 5.81900E+02
 1.22125E+03	 5.80750E+02
 1.22545E+03	 5.81733E+02
 1.22965E+03	 5.82783E+02
 1.23384E+03	 5.84333E+02
 1.23804E+03	 5.83567E+02
 1.24223E+03	 5.85733E+02
 1.24642E+03	 5.87267E+02
 1.25061E+03	 5.87817E+02
 1.25480E+03	 5.87333E+02
 1.25898E+03	 5.88700E+02
 1.26316E+03	 5.88817E+02
 1.26734E+03	 5.89483E+02
 1.27152E+03	 5.90617E+02
 1.27570E+03	 5.91833E+02
 1.27987E+03	 5.88100E+02
 1.28404E+03	 5.87833E+02
 1.28821E+03	 5.89300E+02
 1.29238E+03	 5.91433E+02
 1.29655E+03	 5.90600E+02
 1.30071E+03	 5.92100E+02
 1.30487E+03	 5.95000E+02
 1.30903E+03	 5.97100E+02
 1.31319E+03	 5.95117E+02
 1.31734E+03	 5.95467E+02
 1.32149E+03	 5.96133E+02
 1.32564E+03	 5.96550E+02
 1.32979E+03	 5.95617E+02
 1.33394E+03	 5.98900E+02
 1.33808E+03	 6.00617E+02
 1.34222E+03	 6.00500E+02
 1.34636E+03	 5.99950E+02
 1.35050E+03	 5.99817E+02
 1.35464E+03	 5.99650E+02
 1.35877E+03	 5.98750E+02
 1.36290E+03	 5.95433E+02
 1.36703E+03	 5.95283E+02
 1.37116E+03	 5.95050E+02
 1.37529E+03	 5.93450E+02
 1.37941E+03	 5.89733E+02
 1.38353E+03	 5.89650E+02
 1.38765E+03	 5.90350E+02
 1.39177E+03	 5.88783E+02
 1.39588E+03	 5.87817E+02
 1.39999E+03	 5.89150E+02
 1.40410E+03	 5.88567E+02
 1.40821E+03	 5.88800E+02
 1.41232E+03	 5.87800E+02
 1.41642E+03	 5.87117E+02
 1.42053E+03	 5.87883E+02
 1.42463E+03	 5.86517E+02
 1.42873E+03	 5.87667E+02
 1.43282E+03	 5.89383E+02
 1.43692E+03	 5.91217E+02
 1.44101E+03	 5.96183E+02
 1.44510E+03	 6.00417E+02
 1.44919E+03	 6.02750E+02
 1.45327E+03	 6.03950E+02
 1.45736E+03	 6.03267E+02
 1.46144E+03	 6.04250E+02
 1.46552E+03	 6.00083E+02
 1.46960E+03	 5.98317E+02
 1.47367E+03	 5.93700E+02
 1.47775E+03	 5.87933E+02
 1.48182E+03	 5.83317E+02
 1.48589E+03	 5.79100E+02
 1.48996E+03	 5.75817E+02
 1.49402E+03	 5.73183E+02
 1.49808E+03	 5.73267E+02
 1.50215E+03	 5.71450E+02
 1.50621E+03	 5.71033E+02
 1.51026E+03	 5.70850E+02
 1.51432E+03	 5.70200E+02
 1.51837E+03	 5.70217E+02
 1.52242E+03	 5.70117E+02
 1.52647E+03	 5.70417E+02
 1.53052E+03	 5.69900E+02
 1.53456E+03	 5.70350E+02
 1.53861E+03	 5.70567E+02
 1.54265E+03	 5.72000E+02
 1.54669E+03	 5.70983E+02
 1.55073E+03	 5.74017E+02
 1.55476E+03	 5.73017E+02
 1.55879E+03	 5.74333E+02
 1.56282E+03	 5.73283E+02
 1.56685E+03	 5.74117E+02
 1.57088E+03	 5.74517E+02
 1.57491E+03	 5.74183E+02
 1.57893E+03	 5.75433E+02
 1.58295E+03	 5.75300E+02
 1.58697E+03	 5.76400E+02
 1.59099E+03	 5.76300E+02
 1.59500E+03	 5.76600E+02
 1.59901E+03	 5.79417E+02
 1.60302E+03	 5.82117E+02
 1.60703E+03	 5.83067E+02
 1.61104E+03	 5.83350E+02
 1.61505E+03	 5.81917E+02
 1.61905E+03	 5.79700E+02
 1.62305E+03	 5.79000E+02
 1.62705E+03	 5.76650E+02
 1.63105E+03	 5.76800E+02
 1.63504E+03	 5.75350E+02
 1.63903E+03	 5.76450E+02
 1.64302E+03	 5.78000E+02
 1.64701E+03	 5.79633E+02
 1.65100E+03	 5.82150E+02
 1.65499E+03	 5.84083E+02
 1.65897E+03	 5.87833E+02
 1.66295E+03	 5.89017E+02
 1.66693E+03	 5.86700E+02
 1.67091E+03	 5.87783E+02
 1.67488E+03	 5.83683E+02
 1.67885E+03	 5.81467E+02
 1.68283E+03	 5.79050E+02
 1.68680E+03	 5.77150E+02
 1.69076E+03	 5.75700E+02
 1.69473E+03	 5.73383E+02
 1.69869E+03	 5.70983E+02
 1.70265E+03	 5.69600E+02
 1.70661E+03	 5.67450E+02
 1.71057E+03	 5.65717E+02
 1.71452E+03	 5.66083E+02
 1.71848E+03	 5.66317E+02
 1.72243E+03	 5.66200E+02
 1.72638E+03	 5.66183E+02
 1.73033E+03	 5.64767E+02
 1.73427E+03	 5.65200E+02
 1.73822E+03	 5.65350E+02
 1.74216E+03	 5.65217E+02
 1.74610E+03	 5.65217E+02
 1.75004E+03	 5.66033E+02
 1.75397E+03	 5.65150E+02
 1.75791E+03	 5.64233E+02
 1.76184E+03	 5.64250E+02
 1.76577E+03	 5.63933E+02
 1.76970E+03	 5.62967E+02
 1.77362E+03	 5.62783E+02
 1.77755E+03	 5.63533E+02
 1.78147E+03	 5.63850E+02
 1.78539E+03	 5.63333E+02
 1.78931E+03	 5.62717E+02
 1.79322E+03	 5.63383E+02
 1.79714E+03	 5.63883E+02
 1.80105E+03	 5.63067E+02
 1.80496E+03	 5.62667E+02
 1.80887E+03	 5.63800E+02
 1.81278E+03	 5.63683E+02
 1.81668E+03	 5.63500E+02
 1.82058E+03	 5.63283E+02
 1.82449E+03	 5.63233E+02
 1.82838E+03	 5.63633E+02
 1.83228E+03	 5.62883E+02
 1.83618E+03	 5.62767E+02
 1.84007E+03	 5.63567E+02
 1.84396E+03	 5.62350E+02
 1.84785E+03	 5.63300E+02
 1.85174E+03	 5.62283E+02
 1.85562E+03	 5.63433E+02
 1.85951E+03	 5.62700E+02
 1.86339E+03	 5.63467E+02
 1.86727E+03	 5.63350E+02
 1.87115E+03	 5.62300E+02
 1.87502E+03	 5.61600E+02
 1.87890E+03	 5.63667E+02
 1.88277E+03	 5.63500E+02
 1.88664E+03	 5.63400E+02
 1.89051E+03	 5.63600E+02
 1.89438E+03	 5.63100E+02
 1.89824E+03	 5.63117E+02
 1.90210E+03	 5.63317E+02
 1.90596E+03	 5.62433E+02
 1.90982E+03	 5.63383E+02
 1.91368E+03	 5.63650E+02
 1.91753E+03	 5.63617E+02
 1.92139E+03	 5.63083E+02
 1.92524E+03	 5.62100E+02
 1.92909E+03	 5.63300E+02
 1.93294E+03	 5.63833E+02
 1.93678E+03	 5.62583E+02
 1.94063E+03	 5.62417E+02
 1.94447E+03	 5.62500E+02
 1.94831E+03	 5.61867E+02
 1.95215E+03	 5.63650E+02
 1.95598E+03	 5.62417E+02
 1.95982E+03	 5.62517E+02
 1.96365E+03	 5.62533E+02
 1.96748E+03	 5.62950E+02
 1.97131E+03	 5.63900E+02
 1.97513E+03	 5.61817E+02
 1.97896E+03	 5.62783E+02
 1.98278E+03	 5.63517E+02
 1.98660E+03	 5.62300E+02
 1.99042E+03	 5.62283E+02
 1.99424E+03	 5.62983E+02
 1.99806E+03	 5.63633E+02
 2.00187E+03	 5.62250E+02
 2.00568E+03	 5.62733E+02
 2.00949E+03	 5.63267E+02
 2.01330E+03	 5.62967E+02
 2.01711E+03	 5.62883E+02
 2.02091E+03	 5.62700E+02
 2.02471E+03	 5.63183E+02
 2.02851E+03	 5.63117E+02
 2.03231E+03	 5.62317E+02
 2.03611E+03	 5.62133E+02
 2.03991E+03	 5.62883E+02
 2.04370E+03	 5.62450E+02
 2.04749E+03	 5.63283E+02
 2.05128E+03	 5.63117E+02
 2.05507E+03	 5.63183E+02
 2.05885E+03	 5.63067E+02
 2.06264E+03	 5.63083E+02
 2.06642E+03	 5.63167E+02
 2.07020E+03	 5.62817E+02
 2.07398E+03	 5.63483E+02
 2.07776E+03	 5.62567E+02
 2.08153E+03	 5.62417E+02
 2.08530E+03	 5.62767E+02
 2.08907E+03	 5.62367E+02
 2.09284E+03	 5.63700E+02
 2.09661E+03	 5.63517E+02
 2.10038E+03	 5.63033E+02
 2.10414E+03	 5.63533E+02
 2.10790E+03	 5.63333E+02
 2.11166E+03	 5.63950E+02
 2.11542E+03	 5.63900E+02
 2.11918E+03	 5.64250E+02
 2.12293E+03	 5.63583E+02
 2.12669E+03	 5.63633E+02
 2.13044E+03	 5.63200E+02
 2.13419E+03	 5.63450E+02
 2.13793E+03	 5.63983E+02
 2.14168E+03	 5.64167E+02
 2.14542E+03	 5.63100E+02
 2.14916E+03	 5.63967E+02
 2.15290E+03	 5.63900E+02
 2.15664E+03	 5.63183E+02
 2.16038E+03	 5.62583E+02
 2.16411E+03	 5.63700E+02
 2.16785E+03	 5.62767E+02
 2.17158E+03	 5.63367E+02
 2.17531E+03	 5.63750E+02
 2.17903E+03	 5.64350E+02
 2.18276E+03	 5.63700E+02
 2.18648E+03	 5.63333E+02
 2.19021E+03	 5.63333E+02
 2.19393E+03	 5.64000E+02
 2.19764E+03	 5.63817E+02
 2.20136E+03	 5.63267E+02
 2.20508E+03	 5.62933E+02
 2.20879E+03	 5.63850E+02
 2.21250E+03	 5.62733E+02
 2.21621E+03	 5.63533E+02
 2.21992E+03	 5.63017E+02
 2.22362E+03	 5.63383E+02
 2.22733E+03	 5.63700E+02
 2.23103E+03	 5.63333E+02
 2.23473E+03	 5.63533E+02
 2.23843E+03	 5.63650E+02
 2.24213E+03	 5.63400E+02
 2.24582E+03	 5.62867E+02
 2.24951E+03	 5.63867E+02
 2.25321E+03	 5.63567E+02
 2.25690E+03	 5.62700E+02
 2.26058E+03	 5.63700E+02
 2.26427E+03	 5.63133E+02
 2.26795E+03	 5.63917E+02
 2.27164E+03	 5.63483E+02
 2.27532E+03	 5.63133E+02
 2.27900E+03	 5.63183E+02
 2.28267E+03	 5.62683E+02
 2.28635E+03	 5.63850E+02
 2.29002E+03	 5.63517E+02
 2.29369E+03	 5.62183E+02
 2.29736E+03	 5.63483E+02
 2.30103E+03	 5.63850E+02
 2.30470E+03	 5.62983E+02
 2.30836E+03	 5.62133E+02
 2.31203E+03	 5.63517E+02
 2.31569E+03	 5.63033E+02
 2.31935E+03	 5.62867E+02
 2.32301E+03	 5.63117E+02
 2.32666E+03	 5.63933E+02
 2.33032E+03	 5.63633E+02
 2.33397E+03	 5.63567E+02
 2.33762E+03	 5.64083E+02
 2.34127E+03	 5.63783E+02
 2.34492E+03	 5.64100E+02
 2.34856E+03	 5.64350E+02
 2.35221E+03	 5.63200E+02
 2.35585E+03	 5.63000E+02
 2.35949E+03	 5.63600E+02
 2.36313E+03	 5.63800E+02
 2.36676E+03	 5.63667E+02
 2.37040E+03	 5.63967E+02
 2.37403E+03	 5.65500E+02
 2.37766E+03	 5.63467E+02
 2.38129E+03	 5.64550E+02
 2.38492E+03	 5.65650E+02
 2.38855E+03	 5.64983E+02
 2.39217E+03	 5.64033E+02
 2.39580E+03	 5.64500E+02
 2.39942E+03	 5.64283E+02
 2.40304E+03	 5.64517E+02
 2.40665E+03	 5.63983E+02
 2.41027E+03	 5.64517E+02
 2.41388E+03	 5.64117E+02
 2.41750E+03	 5.65533E+02
 2.42111E+03	 5.65333E+02
 2.42472E+03	 5.64867E+02
 2.42832E+03	 5.64633E+02
 2.43193E+03	 5.64900E+02
 2.43553E+03	 5.65583E+02
 2.43913E+03	 5.64383E+02
 2.44273E+03	 5.65783E+02
 2.44633E+03	 5.65317E+02
 2.44993E+03	 5.64500E+02
 2.45353E+03	 5.65533E+02
 2.45712E+03	 5.64717E+02
 2.46071E+03	 5.65283E+02
 2.46430E+03	 5.65350E+02
 2.46789E+03	 5.64750E+02
 2.47148E+03	 5.65650E+02
 2.47506E+03	 5.64767E+02
 2.47864E+03	 5.64867E+02
 2.48223E+03	 5.64617E+02
 2.48581E+03	 5.64733E+02
 2.48938E+03	 5.65017E+02
 2.49296E+03	 5.64233E+02
 2.49653E+03	 5.64517E+02
 2.50011E+03	 5.65467E+02
 2.50368E+03	 5.64083E+02
 2.50725E+03	 5.65100E+02
 2.51082E+03	 5.64983E+02
 2.51438E+03	 5.64817E+02
 2.51795E+03	 5.64850E+02
 2.52151E+03	 5.64683E+02
 2.52507E+03	 5.64800E+02
 2.52863E+03	 5.64583E+02
 2.53219E+03	 5.64667E+02
 2.53574E+03	 5.64050E+02
 2.53930E+03	 5.64233E+02
 2.54285E+03	 5.65067E+02
 2.54640E+03	 5.65917E+02
 2.54995E+03	 5.63883E+02
 2.55350E+03	 5.64667E+02
 2.55704E+03	 5.65433E+02
 2.56059E+03	 5.64483E+02
 2.56413E+03	 5.65350E+02
 2.56767E+03	 5.64500E+02
 2.57121E+03	 5.64133E+02
 2.57475E+03	 5.65733E+02
 2.57828E+03	 5.63983E+02
 2.58182E+03	 5.64767E+02
 2.58535E+03	 5.65217E+02
 2.58888E+03	 5.65017E+02
 2.59241E+03	 5.64283E+02
 2.59594E+03	 5.64167E+02
 2.59946E+03	 5.65100E+02
 2.60299E+03	 5.64667E+02
 2.60651E+03	 5.64483E+02
 2.61003E+03	 5.65783E+02
 2.61355E+03	 5.65233E+02
 2.61706E+03	 5.66267E+02
 2.62058E+03	 5.64250E+02
 2.62409E+03	 5.64917E+02
 2.62761E+03	 5.65533E+02
 2.63112E+03	 5.66300E+02
 2.63463E+03	 5.65500E+02
 2.63813E+03	 5.65967E+02
 2.64164E+03	 5.65500E+02
 2.64514E+03	 5.65750E+02
 2.64865E+03	 5.66283E+02
 2.65215E+03	 5.66417E+02
 2.65565E+03	 5.66017E+02
 2.65914E+03	 5.65267E+02
 2.66264E+03	 5.65650E+02
 2.66613E+03	 5.66083E+02
 2.66962E+03	 5.66183E+02
 2.67312E+03	 5.66833E+02
 2.67660E+03	 5.66100E+02
 2.68009E+03	 5.65217E+02
 2.68358E+03	 5.65533E+02
 2.68706E+03	 5.66417E+02
 2.69054E+03	 5.66067E+02
 2.69403E+03	 5.67033E+02
 2.69750E+03	 5.66283E+02
 2.70098E+03	 5.66450E+02
 2.70446E+03	 5.66783E+02
 2.70793E+03	 5.65867E+02
 2.71140E+03	 5.67733E+02
 2.71488E+03	 5.67700E+02
 2.71835E+03	 5.67533E+02
 2.72181E+03	 5.68117E+02
 2.72528E+03	 5.68583E+02
 2.72874E+03	 5.68150E+02
 2.73221E+03	 5.68017E+02
 2.73567E+03	 5.67533E+02
 2.73913E+03	 5.66150E+02
 2.74259E+03	 5.67583E+02
 2.74604E+03	 5.68300E+02
 2.74950E+03	 5.67383E+02
 2.75295E+03	 5.66217E+02
 2.75640E+03	 5.66717E+02
 2.75985E+03	 5.67850E+02
 2.76330E+03	 5.67000E+02
 2.76675E+03	 5.67283E+02
 2.77019E+03	 5.66900E+02
 2.77363E+03	 5.67567E+02
 2.77708E+03	 5.67117E+02
 2.78052E+03	 5.67300E+02
 2.78395E+03	 5.67517E+02
 2.78739E+03	 5.66783E+02
 2.79083E+03	 5.66650E+02
 2.79426E+03	 5.66400E+02
 2.79769E+03	 5.66633E+02
 2.80112E+03	 5.67600E+02
 2.80455E+03	 5.67133E+02
 2.80798E+03	 5.67267E+02
 2.81140E+03	 5.66300E+02
 2.81483E+03	 5.67417E+02
 2.81825E+03	 5.68500E+02
 2.82167E+03	 5.69267E+02
 2.82509E+03	 5.69483E+02
 2.82851E+03	 5.70150E+02
 2.83192E+03	 5.71567E+02
 2.83534E+03	 5.72133E+02
 2.83875E+03	 5.72050E+02
 2.84216E+03	 5.74050E+02
 2.84557E+03	 5.76883E+02
 2.84898E+03	 5.80167E+02
 2.85239E+03	 5.84850E+02
 2.85579E+03	 5.86417E+02
 2.85919E+03	 5.87400E+02
 2.86260E+03	 5.87733E+02
 2.86600E+03	 5.90067E+02
 2.86939E+03	 5.93483E+02
 2.87279E+03	 5.94317E+02
 2.87619E+03	 5.96667E+02
 2.87958E+03	 6.01083E+02
 2.88297E+03	 6.00300E+02
 2.88636E+03	 6.03917E+02
 2.88975E+03	 6.05600E+02
 2.89314E+03	 6.04683E+02
 2.89652E+03	 6.06600E+02
 2.89991E+03	 6.07617E+02
 2.90329E+03	 6.11417E+02
 2.90667E+03	 6.11550E+02
 2.91005E+03	 6.12250E+02
 2.91343E+03	 6.14500E+02
 2.91680E+03	 6.14583E+02
 2.92018E+03	 6.17250E+02
 2.92355E+03	 6.19517E+02
 2.92692E+03	 6.16017E+02
 2.93029E+03	 6.15450E+02
 2.93366E+03	 6.18600E+02
 2.93703E+03	 6.19567E+02
 2.94039E+03	 6.15400E+02
 2.94376E+03	 6.14150E+02
 2.94712E+03	 6.11200E+02
 2.95048E+03	 6.07983E+02
 2.95384E+03	 6.05233E+02
 2.95720E+03	 6.01767E+02
 2.96055E+03	 6.00333E+02
 2.96391E+03	 5.98383E+02
 2.96726E+03	 5.95400E+02
 2.97061E+03	 5.94950E+02
 2.97396E+03	 5.93100E+02
 2.97731E+03	 5.90500E+02
 2.98065E+03	 5.88167E+02
 2.98400E+03	 5.84633E+02
 2.98734E+03	 5.83700E+02
 2.99068E+03	 5.82100E+02
 2.99403E+03	 5.80033E+02
 2.99736E+03	 5.77050E+02
 3.00070E+03	 5.76217E+02
 3.00404E+03	 5.74800E+02
 3.00737E+03	 5.71783E+02
 3.01070E+03	 5.71917E+02
 3.01403E+03	 5.70667E+02
 3.01736E+03	 5.70667E+02
 3.02069E+03	 5.67983E+02
 3.02402E+03	 5.68317E+02
 3.02734E+03	 5.68467E+02
 3.03067E+03	 5.67333E+02
 3.03399E+03	 5.66233E+02
 3.03731E+03	 5.66267E+02
 3.04063E+03	 5.66033E+02
 3.04394E+03	 5.65967E+02
 3.04726E+03	 5.66367E+02
 3.05057E+03	 5.65517E+02
 3.05389E+03	 5.66467E+02
 3.05720E+03	 5.66250E+02
 3.06051E+03	 5.66433E+02
 3.06381E+03	 5.66767E+02
 3.06712E+03	 5.66217E+02
 3.07042E+03	 5.66550E+02
 3.07373E+03	 5.64867E+02
 3.07703E+03	 5.65850E+02
 3.08033E+03	 5.65217E+02
 3.08363E+03	 5.64550E+02
 3.08693E+03	 5.65233E+02
 3.09022E+03	 5.64583E+02
 3.09352E+03	 5.65067E+02
 3.09681E+03	 5.64817E+02
 3.10010E+03	 5.64683E+02
 3.10339E+03	 5.64933E+02
 3.10668E+03	 5.64483E+02
 3.10996E+03	 5.64450E+02
 3.11325E+03	 5.64433E+02
 3.11653E+03	 5.65400E+02
 3.11981E+03	 5.64317E+02
 3.12309E+03	 5.64567E+02
 3.12637E+03	 5.63783E+02
 3.12965E+03	 5.64283E+02
 3.13293E+03	 5.64783E+02
 3.13620E+03	 5.64417E+02
 3.13947E+03	 5.64783E+02
 3.14274E+03	 5.64133E+02
 3.14601E+03	 5.64483E+02
 3.14928E+03	 5.65833E+02
 3.15255E+03	 5.64783E+02
 3.15582E+03	 5.64033E+02
 3.15908E+03	 5.64600E+02
 3.16234E+03	 5.63867E+02
 3.16560E+03	 5.63667E+02
 3.16886E+03	 5.64933E+02
 3.17212E+03	 5.64000E+02
 3.17538E+03	 5.64467E+02
 3.17863E+03	 5.65883E+02
 3.18188E+03	 5.64633E+02
 3.18514E+03	 5.64733E+02
 3.18839E+03	 5.64433E+02
 3.19163E+03	 5.64483E+02
 3.19488E+03	 5.64667E+02
 3.19813E+03	 5.64300E+02
 3.20137E+03	 5.64583E+02
 3.20462E+03	 5.64717E+02
 3.20786E+03	 5.65667E+02
 3.21110E+03	 5.66117E+02
 3.21433E+03	 5.65600E+02
 3.21757E+03	 5.65417E+02
 3.22081E+03	 5.65750E+02
 3.22404E+03	 5.65067E+02
 3.22727E+03	 5.65850E+02
 3.23050E+03	 5.65533E+02
 3.23373E+03	 5.66033E+02
 3.23696E+03	 5.65000E+02
 3.24019E+03	 5.64650E+02
 3.24341E+03	 5.65150E+02
 3.24664E+03	 5.65917E+02
 3.24986E+03	 5.66017E+02
 3.25308E+03	 5.65883E+02
 3.25630E+03	 5.65667E+02
 3.25952E+03	 5.66267E+02
 3.26273E+03	 5.64617E+02
 3.26595E+03	 5.65983E+02
 3.26916E+03	 5.65933E+02
 3.27237E+03	 5.66317E+02
 3.27558E+03	 5.65400E+02
 3.27879E+03	 5.65433E+02
 3.28200E+03	 5.66083E+02
 3.28521E+03	 5.66433E+02
 3.28841E+03	 5.65333E+02
 3.29161E+03	 5.66517E+02
 3.29481E+03	 5.65000E+02
 3.29801E+03	 5.66317E+02
 3.30121E+03	 5.65367E+02
 3.30441E+03	 5.65733E+02
 3.30761E+03	 5.67233E+02
 3.31080E+03	 5.66200E+02
 3.31399E+03	 5.66000E+02
 3.31718E+03	 5.64817E+02
 3.32037E+03	 5.66833E+02
 3.32356E+03	 5.65500E+02
 3.32675E+03	 5.65383E+02
 3.32993E+03	 5.65733E+02
 3.33312E+03	 5.66300E+02
 3.33630E+03	 5.65150E+02
 3.33948E+03	 5.65383E+02
 3.34266E+03	 5.65067E+02
 3.34584E+03	 5.65017E+02
 3.34902E+03	 5.65983E+02
 3.35219E+03	 5.65217E+02
 3.35537E+03	 5.65717E+02
 3.35854E+03	 5.65833E+02
 3.36171E+03	 5.65867E+02
 3.36488E+03	 5.64367E+02
 3.36805E+03	 5.65400E+02
 3.37121E+03	 5.65783E+02
 3.37438E+03	 5.64850E+02
 3.37754E+03	 5.65083E+02
 3.38070E+03	 5.65267E+02
 3.38386E+03	 5.64767E+02
 3.38702E+03	 5.64733E+02
 3.39018E+03	 5.65433E+02
 3.39334E+03	 5.65067E+02
 3.39649E+03	 5.65083E+02
 3.39965E+03	 5.65333E+02
 3.40280E+03	 5.64100E+02
 3.40595E+03	 5.64783E+02
 3.40910E+03	 5.64967E+02
 3.41225E+03	 5.64717E+02
 3.41539E+03	 5.64867E+02
 3.41854E+03	 5.64583E+02
 3.42168E+03	 5.64167E+02
 3.42483E+03	 5.64833E+02
 3.42797E+03	 5.64700E+02
 3.43111E+03	 5.64683E+02
 3.43424E+03	 5.65333E+02
 3.43738E+03	 5.65050E+02
 3.44051E+03	 5.64217E+02
 3.44365E+03	 5.65033E+02
 3.44678E+03	 5.63650E+02
 3.44991E+03	 5.65167E+02
 3.45304E+03	 5.65050E+02
 3.45617E+03	 5.64983E+02
 3.45930E+03	 5.63933E+02
 3.46242E+03	 5.64667E+02
 3.46554E+03	 5.64683E+02
 3.46867E+03	 5.64033E+02
 3.47179E+03	 5.63733E+02
 3.47491E+03	 5.64317E+02
 3.47803E+03	 5.63567E+02
 3.48114E+03	 5.63417E+02
 3.48426E+03	 5.64250E+02
 3.48737E+03	 5.63683E+02
 3.49048E+03	 5.64417E+02
 3.49359E+03	 5.64167E+02
 3.49670E+03	 5.64050E+02
 3.49981E+03	 5.63467E+02
 3.50292E+03	 5.62700E+02
 3.50602E+03	 5.63450E+02
 3.50913E+03	 5.64050E+02
 3.51223E+03	 5.63683E+02
 3.51533E+03	 5.63567E+02
 3.51843E+03	 5.62300E+02
 3.52153E+03	 5.62917E+02
 3.52463E+03	 5.62633E+02
 3.52772E+03	 5.62783E+02
 3.53082E+03	 5.62633E+02
 3.53391E+03	 5.62350E+02
 3.53700E+03	 5.62467E+02
 3.54009E+03	 5.63783E+02
 3.54318E+03	 5.63067E+02
 3.54627E+03	 5.62200E+02
 3.54935E+03	 5.62617E+02
 3.55244E+03	 5.63000E+02
 3.55552E+03	 5.62583E+02
 3.55860E+03	 5.62383E+02
 3.56168E+03	 5.62117E+02
 3.56476E+03	 5.62750E+02
 3.56784E+03	 5.63467E+02
 3.57091E+03	 5.62533E+02
 3.57399E+03	 5.62400E+02
 3.57706E+03	 5.63167E+02
 3.58013E+03	 5.62583E+02
 3.58321E+03	 5.63083E+02
 3.58627E+03	 5.62217E+02
 3.58934E+03	 5.61100E+02
 3.59241E+03	 5.62067E+02
 3.59547E+03	 5.61117E+02
 3.59854E+03	 5.62150E+02
 3.60160E+03	 5.61800E+02
 3.60466E+03	 5.62583E+02
 3.60772E+03	 5.61650E+02
 3.61078E+03	 5.62283E+02
 3.61384E+03	 5.62583E+02
 3.61689E+03	 5.61800E+02
 3.61994E+03	 5.62700E+02
 3.62300E+03	 5.63000E+02
 3.62605E+03	 5.60483E+02
 3.62910E+03	 5.62183E+02
 3.63215E+03	 5.62733E+02
 3.63519E+03	 5.61950E+02
 3.63824E+03	 5.60950E+02
 3.64128E+03	 5.62117E+02
 3.64433E+03	 5.61100E+02
 3.64737E+03	 5.60483E+02
 3.65041E+03	 5.62233E+02
 3.65345E+03	 5.61750E+02
 3.65649E+03	 5.61733E+02
 3.65952E+03	 5.61017E+02
 3.66256E+03	 5.62633E+02
 3.66559E+03	 5.61433E+02
 3.66862E+03	 5.61100E+02
 3.67165E+03	 5.61717E+02
 3.67468E+03	 5.61083E+02
 3.67771E+03	 5.60250E+02
 3.68074E+03	 5.61917E+02
 3.68376E+03	 5.60867E+02
 3.68679E+03	 5.63017E+02
 3.68981E+03	 5.61100E+02
 3.69283E+03	 5.60600E+02
 3.69585E+03	 5.62167E+02
 3.69887E+03	 5.61183E+02
 3.70189E+03	 5.61367E+02
 3.70490E+03	 5.61217E+02
 3.70792E+03	 5.60767E+02
 3.71093E+03	 5.61067E+02
 3.71394E+03	 5.60533E+02
 3.71695E+03	 5.60700E+02
 3.71996E+03	 5.61033E+02
 3.72297E+03	 5.60450E+02
 3.72598E+03	 5.61800E+02
 3.72898E+03	 5.62767E+02
 3.73199E+03	 5.60633E+02
 3.73499E+03	 5.59983E+02
 3.73799E+03	 5.60133E+02
 3.74099E+03	 5.60317E+02
 3.74399E+03	 5.60500E+02
 3.74698E+03	 5.61167E+02
 3.74998E+03	 5.59933E+02
 3.75297E+03	 5.60383E+02
 3.75597E+03	 5.60450E+02
 3.75896E+03	 5.61117E+02
 3.76195E+03	 5.60533E+02
 3.76494E+03	 5.59717E+02
 3.76793E+03	 5.59300E+02
 3.77091E+03	 5.60233E+02
 3.77390E+03	 5.59567E+02
 3.77688E+03	 5.59667E+02
 3.77986E+03	 5.60167E+02
 3.78285E+03	 5.58667E+02
 3.78583E+03	 5.59233E+02
 3.78880E+03	 5.58733E+02
 3.79178E+03	 5.59450E+02
